0 0 -43.56
0 2 10.89
0 1 10.89
1 1 -43.56
1 3 10.89
1 6 10.89
1 0 10.89
2 2 -43.56
2 12 10.89
2 0 10.89
2 3 10.89
3 3 -43.56
3 13 10.89
3 1 10.89
3 7 10.89
3 2 10.89
4 4 -43.56
4 5 10.89
4 28 10.89
4 6 10.89
5 5 -43.56
5 15 10.89
5 4 10.89
5 29 10.89
5 7 10.89
6 6 -43.56
6 7 10.89
6 4 10.89
6 1 10.89
7 7 -43.56
7 14 10.89
7 6 10.89
7 5 10.89
7 3 10.89
8 8 -43.56
8 56 10.89
8 12 10.89
8 9 10.89
9 9 -43.56
9 57 10.89
9 13 10.89
9 11 10.89
9 8 10.89
10 10 -43.56
10 59 10.89
10 15 10.89
10 31 10.89
10 11 10.89
11 11 -43.56
11 58 10.89
11 14 10.89
11 10 10.89
11 9 10.89
12 12 -43.56
12 8 10.89
12 2 10.89
12 13 10.89
13 13 -43.56
13 9 10.89
13 3 10.89
13 14 10.89
13 12 10.89
14 14 -43.56
14 11 10.89
14 7 10.89
14 15 10.89
14 13 10.89
15 15 -43.56
15 10 10.89
15 5 10.89
15 30 10.89
15 14 10.89
16 16 -43.56
16 17 10.89
16 20 10.89
16 28 10.89
17 17 -43.56
17 25 10.89
17 16 10.89
17 21 10.89
17 29 10.89
18 18 -43.56
18 19 10.89
18 120 10.89
18 20 10.89
19 19 -43.56
19 27 10.89
19 18 10.89
19 121 10.89
19 21 10.89
20 20 -43.56
20 21 10.89
20 18 10.89
20 16 10.89
21 21 -43.56
21 26 10.89
21 20 10.89
21 19 10.89
21 17 10.89
22 22 -43.56
22 61 10.89
22 25 10.89
22 24 10.89
22 31 10.89
23 23 -43.56
23 63 10.89
23 27 10.89
23 123 10.89
23 24 10.89
24 24 -43.56
24 62 10.89
24 26 10.89
24 23 10.89
24 22 10.89
25 25 -43.56
25 22 10.89
25 17 10.89
25 26 10.89
25 30 10.89
26 26 -43.56
26 24 10.89
26 21 10.89
26 27 10.89
26 25 10.89
27 27 -43.56
27 23 10.89
27 19 10.89
27 122 10.89
27 26 10.89
28 28 -43.56
28 29 10.89
28 16 10.89
28 4 10.89
29 29 -43.56
29 30 10.89
29 28 10.89
29 17 10.89
29 5 10.89
30 30 -43.56
30 31 10.89
30 29 10.89
30 25 10.89
30 15 10.89
31 31 -43.56
31 60 10.89
31 30 10.89
31 22 10.89
31 10 10.89
32 32 -43.56
32 36 10.89
32 56 10.89
32 33 10.89
33 33 -43.56
33 37 10.89
33 57 10.89
33 41 10.89
33 32 10.89
34 34 -43.56
34 240 10.89
34 36 10.89
34 35 10.89
35 35 -43.56
35 241 10.89
35 37 10.89
35 43 10.89
35 34 10.89
36 36 -43.56
36 34 10.89
36 32 10.89
36 37 10.89
37 37 -43.56
37 35 10.89
37 33 10.89
37 42 10.89
37 36 10.89
38 38 -43.56
38 40 10.89
38 59 10.89
38 53 10.89
38 41 10.89
39 39 -43.56
39 243 10.89
39 40 10.89
39 55 10.89
39 43 10.89
40 40 -43.56
40 39 10.89
40 38 10.89
40 54 10.89
40 42 10.89
41 41 -43.56
41 42 10.89
41 58 10.89
41 38 10.89
41 33 10.89
42 42 -43.56
42 43 10.89
42 41 10.89
42 40 10.89
42 37 10.89
43 43 -43.56
43 242 10.89
43 42 10.89
43 39 10.89
43 35 10.89
44 44 -43.56
44 50 10.89
44 61 10.89
44 46 10.89
44 53 10.89
45 45 -43.56
45 52 10.89
45 63 10.89
45 125 10.89
45 46 10.89
46 46 -43.56
46 51 10.89
46 62 10.89
46 45 10.89
46 44 10.89
47 47 -43.56
47 245 10.89
47 50 10.89
47 49 10.89
47 55 10.89
48 48 -43.56
48 247 10.89
48 52 10.89
48 127 10.89
48 49 10.89
49 49 -43.56
49 246 10.89
49 51 10.89
49 48 10.89
49 47 10.89
50 50 -43.56
50 47 10.89
50 44 10.89
50 51 10.89
50 54 10.89
51 51 -43.56
51 49 10.89
51 46 10.89
51 52 10.89
51 50 10.89
52 52 -43.56
52 48 10.89
52 45 10.89
52 126 10.89
52 51 10.89
53 53 -43.56
53 54 10.89
53 60 10.89
53 44 10.89
53 38 10.89
54 54 -43.56
54 55 10.89
54 53 10.89
54 50 10.89
54 40 10.89
55 55 -43.56
55 244 10.89
55 54 10.89
55 47 10.89
55 39 10.89
56 56 -43.56
56 32 10.89
56 8 10.89
56 57 10.89
57 57 -43.56
57 33 10.89
57 9 10.89
57 58 10.89
57 56 10.89
58 58 -43.56
58 41 10.89
58 11 10.89
58 59 10.89
58 57 10.89
59 59 -43.56
59 38 10.89
59 10 10.89
59 60 10.89
59 58 10.89
60 60 -43.56
60 53 10.89
60 31 10.89
60 61 10.89
60 59 10.89
61 61 -43.56
61 44 10.89
61 22 10.89
61 62 10.89
61 60 10.89
62 62 -43.56
62 46 10.89
62 24 10.89
62 63 10.89
62 61 10.89
63 63 -43.56
63 45 10.89
63 23 10.89
63 124 10.89
63 62 10.89
64 64 -43.56
64 65 10.89
64 68 10.89
64 120 10.89
65 65 -43.56
65 73 10.89
65 64 10.89
65 69 10.89
65 121 10.89
66 66 -43.56
66 67 10.89
66 88 10.89
66 68 10.89
67 67 -43.56
67 75 10.89
67 66 10.89
67 89 10.89
67 69 10.89
68 68 -43.56
68 69 10.89
68 66 10.89
68 64 10.89
69 69 -43.56
69 74 10.89
69 68 10.89
69 67 10.89
69 65 10.89
70 70 -43.56
70 113 10.89
70 73 10.89
70 72 10.89
70 123 10.89
71 71 -43.56
71 115 10.89
71 75 10.89
71 91 10.89
71 72 10.89
72 72 -43.56
72 114 10.89
72 74 10.89
72 71 10.89
72 70 10.89
73 73 -43.56
73 70 10.89
73 65 10.89
73 74 10.89
73 122 10.89
74 74 -43.56
74 72 10.89
74 69 10.89
74 75 10.89
74 73 10.89
75 75 -43.56
75 71 10.89
75 67 10.89
75 90 10.89
75 74 10.89
76 76 -43.56
76 77 10.89
76 80 10.89
76 88 10.89
77 77 -43.56
77 85 10.89
77 76 10.89
77 81 10.89
77 89 10.89
78 78 -43.56
78 79 10.89
78 496 10.89
78 80 10.89
79 79 -43.56
79 87 10.89
79 78 10.89
79 497 10.89
79 81 10.89
80 80 -43.56
80 81 10.89
80 78 10.89
80 76 10.89
81 81 -43.56
81 86 10.89
81 80 10.89
81 79 10.89
81 77 10.89
82 82 -43.56
82 117 10.89
82 85 10.89
82 84 10.89
82 91 10.89
83 83 -43.56
83 119 10.89
83 87 10.89
83 499 10.89
83 84 10.89
84 84 -43.56
84 118 10.89
84 86 10.89
84 83 10.89
84 82 10.89
85 85 -43.56
85 82 10.89
85 77 10.89
85 86 10.89
85 90 10.89
86 86 -43.56
86 84 10.89
86 81 10.89
86 87 10.89
86 85 10.89
87 87 -43.56
87 83 10.89
87 79 10.89
87 498 10.89
87 86 10.89
88 88 -43.56
88 89 10.89
88 76 10.89
88 66 10.89
89 89 -43.56
89 90 10.89
89 88 10.89
89 77 10.89
89 67 10.89
90 90 -43.56
90 91 10.89
90 89 10.89
90 85 10.89
90 75 10.89
91 91 -43.56
91 116 10.89
91 90 10.89
91 82 10.89
91 71 10.89
92 92 -43.56
92 98 10.89
92 113 10.89
92 94 10.89
92 125 10.89
93 93 -43.56
93 100 10.89
93 115 10.89
93 110 10.89
93 94 10.89
94 94 -43.56
94 99 10.89
94 114 10.89
94 93 10.89
94 92 10.89
95 95 -43.56
95 249 10.89
95 98 10.89
95 97 10.89
95 127 10.89
96 96 -43.56
96 251 10.89
96 100 10.89
96 112 10.89
96 97 10.89
97 97 -43.56
97 250 10.89
97 99 10.89
97 96 10.89
97 95 10.89
98 98 -43.56
98 95 10.89
98 92 10.89
98 99 10.89
98 126 10.89
99 99 -43.56
99 97 10.89
99 94 10.89
99 100 10.89
99 98 10.89
100 100 -43.56
100 96 10.89
100 93 10.89
100 111 10.89
100 99 10.89
101 101 -43.56
101 107 10.89
101 117 10.89
101 103 10.89
101 110 10.89
102 102 -43.56
102 109 10.89
102 119 10.89
102 501 10.89
102 103 10.89
103 103 -43.56
103 108 10.89
103 118 10.89
103 102 10.89
103 101 10.89
104 104 -43.56
104 253 10.89
104 107 10.89
104 106 10.89
104 112 10.89
105 105 -43.56
105 255 10.89
105 109 10.89
105 503 10.89
105 106 10.89
106 106 -43.56
106 254 10.89
106 108 10.89
106 105 10.89
106 104 10.89
107 107 -43.56
107 104 10.89
107 101 10.89
107 108 10.89
107 111 10.89
108 108 -43.56
108 106 10.89
108 103 10.89
108 109 10.89
108 107 10.89
109 109 -43.56
109 105 10.89
109 102 10.89
109 502 10.89
109 108 10.89
110 110 -43.56
110 111 10.89
110 116 10.89
110 101 10.89
110 93 10.89
111 111 -43.56
111 112 10.89
111 110 10.89
111 107 10.89
111 100 10.89
112 112 -43.56
112 252 10.89
112 111 10.89
112 104 10.89
112 96 10.89
113 113 -43.56
113 92 10.89
113 70 10.89
113 114 10.89
113 124 10.89
114 114 -43.56
114 94 10.89
114 72 10.89
114 115 10.89
114 113 10.89
115 115 -43.56
115 93 10.89
115 71 10.89
115 116 10.89
115 114 10.89
116 116 -43.56
116 110 10.89
116 91 10.89
116 117 10.89
116 115 10.89
117 117 -43.56
117 101 10.89
117 82 10.89
117 118 10.89
117 116 10.89
118 118 -43.56
118 103 10.89
118 84 10.89
118 119 10.89
118 117 10.89
119 119 -43.56
119 102 10.89
119 83 10.89
119 500 10.89
119 118 10.89
120 120 -43.56
120 121 10.89
120 64 10.89
120 18 10.89
121 121 -43.56
121 122 10.89
121 120 10.89
121 65 10.89
121 19 10.89
122 122 -43.56
122 123 10.89
122 121 10.89
122 73 10.89
122 27 10.89
123 123 -43.56
123 124 10.89
123 122 10.89
123 70 10.89
123 23 10.89
124 124 -43.56
124 125 10.89
124 123 10.89
124 113 10.89
124 63 10.89
125 125 -43.56
125 126 10.89
125 124 10.89
125 92 10.89
125 45 10.89
126 126 -43.56
126 127 10.89
126 125 10.89
126 98 10.89
126 52 10.89
127 127 -43.56
127 248 10.89
127 126 10.89
127 95 10.89
127 48 10.89
128 128 -43.56
128 132 10.89
128 240 10.89
128 129 10.89
129 129 -43.56
129 133 10.89
129 241 10.89
129 137 10.89
129 128 10.89
130 130 -43.56
130 152 10.89
130 132 10.89
130 131 10.89
131 131 -43.56
131 153 10.89
131 133 10.89
131 139 10.89
131 130 10.89
132 132 -43.56
132 130 10.89
132 128 10.89
132 133 10.89
133 133 -43.56
133 131 10.89
133 129 10.89
133 138 10.89
133 132 10.89
134 134 -43.56
134 136 10.89
134 243 10.89
134 177 10.89
134 137 10.89
135 135 -43.56
135 155 10.89
135 136 10.89
135 179 10.89
135 139 10.89
136 136 -43.56
136 135 10.89
136 134 10.89
136 178 10.89
136 138 10.89
137 137 -43.56
137 138 10.89
137 242 10.89
137 134 10.89
137 129 10.89
138 138 -43.56
138 139 10.89
138 137 10.89
138 136 10.89
138 133 10.89
139 139 -43.56
139 154 10.89
139 138 10.89
139 135 10.89
139 131 10.89
140 140 -43.56
140 144 10.89
140 152 10.89
140 141 10.89
141 141 -43.56
141 145 10.89
141 153 10.89
141 149 10.89
141 140 10.89
142 142 -43.56
142 992 10.89
142 144 10.89
142 143 10.89
143 143 -43.56
143 993 10.89
143 145 10.89
143 151 10.89
143 142 10.89
144 144 -43.56
144 142 10.89
144 140 10.89
144 145 10.89
145 145 -43.56
145 143 10.89
145 141 10.89
145 150 10.89
145 144 10.89
146 146 -43.56
146 148 10.89
146 155 10.89
146 181 10.89
146 149 10.89
147 147 -43.56
147 995 10.89
147 148 10.89
147 183 10.89
147 151 10.89
148 148 -43.56
148 147 10.89
148 146 10.89
148 182 10.89
148 150 10.89
149 149 -43.56
149 150 10.89
149 154 10.89
149 146 10.89
149 141 10.89
150 150 -43.56
150 151 10.89
150 149 10.89
150 148 10.89
150 145 10.89
151 151 -43.56
151 994 10.89
151 150 10.89
151 147 10.89
151 143 10.89
152 152 -43.56
152 140 10.89
152 130 10.89
152 153 10.89
153 153 -43.56
153 141 10.89
153 131 10.89
153 154 10.89
153 152 10.89
154 154 -43.56
154 149 10.89
154 139 10.89
154 155 10.89
154 153 10.89
155 155 -43.56
155 146 10.89
155 135 10.89
155 180 10.89
155 154 10.89
156 156 -43.56
156 162 10.89
156 245 10.89
156 158 10.89
156 177 10.89
157 157 -43.56
157 164 10.89
157 247 10.89
157 233 10.89
157 158 10.89
158 158 -43.56
158 163 10.89
158 246 10.89
158 157 10.89
158 156 10.89
159 159 -43.56
159 174 10.89
159 162 10.89
159 161 10.89
159 179 10.89
160 160 -43.56
160 176 10.89
160 164 10.89
160 235 10.89
160 161 10.89
161 161 -43.56
161 175 10.89
161 163 10.89
161 160 10.89
161 159 10.89
162 162 -43.56
162 159 10.89
162 156 10.89
162 163 10.89
162 178 10.89
163 163 -43.56
163 161 10.89
163 158 10.89
163 164 10.89
163 162 10.89
164 164 -43.56
164 160 10.89
164 157 10.89
164 234 10.89
164 163 10.89
165 165 -43.56
165 171 10.89
165 174 10.89
165 167 10.89
165 181 10.89
166 166 -43.56
166 173 10.89
166 176 10.89
166 237 10.89
166 167 10.89
167 167 -43.56
167 172 10.89
167 175 10.89
167 166 10.89
167 165 10.89
168 168 -43.56
168 997 10.89
168 171 10.89
168 170 10.89
168 183 10.89
169 169 -43.56
169 999 10.89
169 173 10.89
169 239 10.89
169 170 10.89
170 170 -43.56
170 998 10.89
170 172 10.89
170 169 10.89
170 168 10.89
171 171 -43.56
171 168 10.89
171 165 10.89
171 172 10.89
171 182 10.89
172 172 -43.56
172 170 10.89
172 167 10.89
172 173 10.89
172 171 10.89
173 173 -43.56
173 169 10.89
173 166 10.89
173 238 10.89
173 172 10.89
174 174 -43.56
174 165 10.89
174 159 10.89
174 175 10.89
174 180 10.89
175 175 -43.56
175 167 10.89
175 161 10.89
175 176 10.89
175 174 10.89
176 176 -43.56
176 166 10.89
176 160 10.89
176 236 10.89
176 175 10.89
177 177 -43.56
177 178 10.89
177 244 10.89
177 156 10.89
177 134 10.89
178 178 -43.56
178 179 10.89
178 177 10.89
178 162 10.89
178 136 10.89
179 179 -43.56
179 180 10.89
179 178 10.89
179 159 10.89
179 135 10.89
180 180 -43.56
180 181 10.89
180 179 10.89
180 174 10.89
180 155 10.89
181 181 -43.56
181 182 10.89
181 180 10.89
181 165 10.89
181 146 10.89
182 182 -43.56
182 183 10.89
182 181 10.89
182 171 10.89
182 148 10.89
183 183 -43.56
183 996 10.89
183 182 10.89
183 168 10.89
183 147 10.89
184 184 -43.56
184 190 10.89
184 249 10.89
184 186 10.89
184 233 10.89
185 185 -43.56
185 192 10.89
185 251 10.89
185 202 10.89
185 186 10.89
186 186 -43.56
186 191 10.89
186 250 10.89
186 185 10.89
186 184 10.89
187 187 -43.56
187 226 10.89
187 190 10.89
187 189 10.89
187 235 10.89
188 188 -43.56
188 228 10.89
188 192 10.89
188 204 10.89
188 189 10.89
189 189 -43.56
189 227 10.89
189 191 10.89
189 188 10.89
189 187 10.89
190 190 -43.56
190 187 10.89
190 184 10.89
190 191 10.89
190 234 10.89
191 191 -43.56
191 189 10.89
191 186 10.89
191 192 10.89
191 190 10.89
192 192 -43.56
192 188 10.89
192 185 10.89
192 203 10.89
192 191 10.89
193 193 -43.56
193 199 10.89
193 253 10.89
193 195 10.89
193 202 10.89
194 194 -43.56
194 201 10.89
194 255 10.89
194 505 10.89
194 195 10.89
195 195 -43.56
195 200 10.89
195 254 10.89
195 194 10.89
195 193 10.89
196 196 -43.56
196 230 10.89
196 199 10.89
196 198 10.89
196 204 10.89
197 197 -43.56
197 232 10.89
197 201 10.89
197 507 10.89
197 198 10.89
198 198 -43.56
198 231 10.89
198 200 10.89
198 197 10.89
198 196 10.89
199 199 -43.56
199 196 10.89
199 193 10.89
199 200 10.89
199 203 10.89
200 200 -43.56
200 198 10.89
200 195 10.89
200 201 10.89
200 199 10.89
201 201 -43.56
201 197 10.89
201 194 10.89
201 506 10.89
201 200 10.89
202 202 -43.56
202 203 10.89
202 252 10.89
202 193 10.89
202 185 10.89
203 203 -43.56
203 204 10.89
203 202 10.89
203 199 10.89
203 192 10.89
204 204 -43.56
204 229 10.89
204 203 10.89
204 196 10.89
204 188 10.89
205 205 -43.56
205 211 10.89
205 226 10.89
205 207 10.89
205 237 10.89
206 206 -43.56
206 213 10.89
206 228 10.89
206 223 10.89
206 207 10.89
207 207 -43.56
207 212 10.89
207 227 10.89
207 206 10.89
207 205 10.89
208 208 -43.56
208 1001 10.89
208 211 10.89
208 210 10.89
208 239 10.89
209 209 -43.56
209 1003 10.89
209 213 10.89
209 225 10.89
209 210 10.89
210 210 -43.56
210 1002 10.89
210 212 10.89
210 209 10.89
210 208 10.89
211 211 -43.56
211 208 10.89
211 205 10.89
211 212 10.89
211 238 10.89
212 212 -43.56
212 210 10.89
212 207 10.89
212 213 10.89
212 211 10.89
213 213 -43.56
213 209 10.89
213 206 10.89
213 224 10.89
213 212 10.89
214 214 -43.56
214 220 10.89
214 230 10.89
214 216 10.89
214 223 10.89
215 215 -43.56
215 222 10.89
215 232 10.89
215 509 10.89
215 216 10.89
216 216 -43.56
216 221 10.89
216 231 10.89
216 215 10.89
216 214 10.89
217 217 -43.56
217 1005 10.89
217 220 10.89
217 219 10.89
217 225 10.89
218 218 -43.56
218 1007 10.89
218 222 10.89
218 511 10.89
218 219 10.89
219 219 -43.56
219 1006 10.89
219 221 10.89
219 218 10.89
219 217 10.89
220 220 -43.56
220 217 10.89
220 214 10.89
220 221 10.89
220 224 10.89
221 221 -43.56
221 219 10.89
221 216 10.89
221 222 10.89
221 220 10.89
222 222 -43.56
222 218 10.89
222 215 10.89
222 510 10.89
222 221 10.89
223 223 -43.56
223 224 10.89
223 229 10.89
223 214 10.89
223 206 10.89
224 224 -43.56
224 225 10.89
224 223 10.89
224 220 10.89
224 213 10.89
225 225 -43.56
225 1004 10.89
225 224 10.89
225 217 10.89
225 209 10.89
226 226 -43.56
226 205 10.89
226 187 10.89
226 227 10.89
226 236 10.89
227 227 -43.56
227 207 10.89
227 189 10.89
227 228 10.89
227 226 10.89
228 228 -43.56
228 206 10.89
228 188 10.89
228 229 10.89
228 227 10.89
229 229 -43.56
229 223 10.89
229 204 10.89
229 230 10.89
229 228 10.89
230 230 -43.56
230 214 10.89
230 196 10.89
230 231 10.89
230 229 10.89
231 231 -43.56
231 216 10.89
231 198 10.89
231 232 10.89
231 230 10.89
232 232 -43.56
232 215 10.89
232 197 10.89
232 508 10.89
232 231 10.89
233 233 -43.56
233 234 10.89
233 248 10.89
233 184 10.89
233 157 10.89
234 234 -43.56
234 235 10.89
234 233 10.89
234 190 10.89
234 164 10.89
235 235 -43.56
235 236 10.89
235 234 10.89
235 187 10.89
235 160 10.89
236 236 -43.56
236 237 10.89
236 235 10.89
236 226 10.89
236 176 10.89
237 237 -43.56
237 238 10.89
237 236 10.89
237 205 10.89
237 166 10.89
238 238 -43.56
238 239 10.89
238 237 10.89
238 211 10.89
238 173 10.89
239 239 -43.56
239 1000 10.89
239 238 10.89
239 208 10.89
239 169 10.89
240 240 -43.56
240 128 10.89
240 34 10.89
240 241 10.89
241 241 -43.56
241 129 10.89
241 35 10.89
241 242 10.89
241 240 10.89
242 242 -43.56
242 137 10.89
242 43 10.89
242 243 10.89
242 241 10.89
243 243 -43.56
243 134 10.89
243 39 10.89
243 244 10.89
243 242 10.89
244 244 -43.56
244 177 10.89
244 55 10.89
244 245 10.89
244 243 10.89
245 245 -43.56
245 156 10.89
245 47 10.89
245 246 10.89
245 244 10.89
246 246 -43.56
246 158 10.89
246 49 10.89
246 247 10.89
246 245 10.89
247 247 -43.56
247 157 10.89
247 48 10.89
247 248 10.89
247 246 10.89
248 248 -43.56
248 233 10.89
248 127 10.89
248 249 10.89
248 247 10.89
249 249 -43.56
249 184 10.89
249 95 10.89
249 250 10.89
249 248 10.89
250 250 -43.56
250 186 10.89
250 97 10.89
250 251 10.89
250 249 10.89
251 251 -43.56
251 185 10.89
251 96 10.89
251 252 10.89
251 250 10.89
252 252 -43.56
252 202 10.89
252 112 10.89
252 253 10.89
252 251 10.89
253 253 -43.56
253 193 10.89
253 104 10.89
253 254 10.89
253 252 10.89
254 254 -43.56
254 195 10.89
254 106 10.89
254 255 10.89
254 253 10.89
255 255 -43.56
255 194 10.89
255 105 10.89
255 504 10.89
255 254 10.89
256 256 -43.56
256 257 10.89
256 260 10.89
256 496 10.89
257 257 -43.56
257 265 10.89
257 256 10.89
257 261 10.89
257 497 10.89
258 258 -43.56
258 259 10.89
258 280 10.89
258 260 10.89
259 259 -43.56
259 267 10.89
259 258 10.89
259 281 10.89
259 261 10.89
260 260 -43.56
260 261 10.89
260 258 10.89
260 256 10.89
261 261 -43.56
261 266 10.89
261 260 10.89
261 259 10.89
261 257 10.89
262 262 -43.56
262 305 10.89
262 265 10.89
262 264 10.89
262 499 10.89
263 263 -43.56
263 307 10.89
263 267 10.89
263 283 10.89
263 264 10.89
264 264 -43.56
264 306 10.89
264 266 10.89
264 263 10.89
264 262 10.89
265 265 -43.56
265 262 10.89
265 257 10.89
265 266 10.89
265 498 10.89
266 266 -43.56
266 264 10.89
266 261 10.89
266 267 10.89
266 265 10.89
267 267 -43.56
267 263 10.89
267 259 10.89
267 282 10.89
267 266 10.89
268 268 -43.56
268 269 10.89
268 272 10.89
268 280 10.89
269 269 -43.56
269 277 10.89
269 268 10.89
269 273 10.89
269 281 10.89
270 270 -43.56
270 271 10.89
270 368 10.89
270 272 10.89
271 271 -43.56
271 279 10.89
271 270 10.89
271 369 10.89
271 273 10.89
272 272 -43.56
272 273 10.89
272 270 10.89
272 268 10.89
273 273 -43.56
273 278 10.89
273 272 10.89
273 271 10.89
273 269 10.89
274 274 -43.56
274 309 10.89
274 277 10.89
274 276 10.89
274 283 10.89
275 275 -43.56
275 311 10.89
275 279 10.89
275 371 10.89
275 276 10.89
276 276 -43.56
276 310 10.89
276 278 10.89
276 275 10.89
276 274 10.89
277 277 -43.56
277 274 10.89
277 269 10.89
277 278 10.89
277 282 10.89
278 278 -43.56
278 276 10.89
278 273 10.89
278 279 10.89
278 277 10.89
279 279 -43.56
279 275 10.89
279 271 10.89
279 370 10.89
279 278 10.89
280 280 -43.56
280 281 10.89
280 268 10.89
280 258 10.89
281 281 -43.56
281 282 10.89
281 280 10.89
281 269 10.89
281 259 10.89
282 282 -43.56
282 283 10.89
282 281 10.89
282 277 10.89
282 267 10.89
283 283 -43.56
283 308 10.89
283 282 10.89
283 274 10.89
283 263 10.89
284 284 -43.56
284 290 10.89
284 305 10.89
284 286 10.89
284 501 10.89
285 285 -43.56
285 292 10.89
285 307 10.89
285 302 10.89
285 286 10.89
286 286 -43.56
286 291 10.89
286 306 10.89
286 285 10.89
286 284 10.89
287 287 -43.56
287 481 10.89
287 290 10.89
287 289 10.89
287 503 10.89
288 288 -43.56
288 483 10.89
288 292 10.89
288 304 10.89
288 289 10.89
289 289 -43.56
289 482 10.89
289 291 10.89
289 288 10.89
289 287 10.89
290 290 -43.56
290 287 10.89
290 284 10.89
290 291 10.89
290 502 10.89
291 291 -43.56
291 289 10.89
291 286 10.89
291 292 10.89
291 290 10.89
292 292 -43.56
292 288 10.89
292 285 10.89
292 303 10.89
292 291 10.89
293 293 -43.56
293 299 10.89
293 309 10.89
293 295 10.89
293 302 10.89
294 294 -43.56
294 301 10.89
294 311 10.89
294 373 10.89
294 295 10.89
295 295 -43.56
295 300 10.89
295 310 10.89
295 294 10.89
295 293 10.89
296 296 -43.56
296 485 10.89
296 299 10.89
296 298 10.89
296 304 10.89
297 297 -43.56
297 487 10.89
297 301 10.89
297 375 10.89
297 298 10.89
298 298 -43.56
298 486 10.89
298 300 10.89
298 297 10.89
298 296 10.89
299 299 -43.56
299 296 10.89
299 293 10.89
299 300 10.89
299 303 10.89
300 300 -43.56
300 298 10.89
300 295 10.89
300 301 10.89
300 299 10.89
301 301 -43.56
301 297 10.89
301 294 10.89
301 374 10.89
301 300 10.89
302 302 -43.56
302 303 10.89
302 308 10.89
302 293 10.89
302 285 10.89
303 303 -43.56
303 304 10.89
303 302 10.89
303 299 10.89
303 292 10.89
304 304 -43.56
304 484 10.89
304 303 10.89
304 296 10.89
304 288 10.89
305 305 -43.56
305 284 10.89
305 262 10.89
305 306 10.89
305 500 10.89
306 306 -43.56
306 286 10.89
306 264 10.89
306 307 10.89
306 305 10.89
307 307 -43.56
307 285 10.89
307 263 10.89
307 308 10.89
307 306 10.89
308 308 -43.56
308 302 10.89
308 283 10.89
308 309 10.89
308 307 10.89
309 309 -43.56
309 293 10.89
309 274 10.89
309 310 10.89
309 308 10.89
310 310 -43.56
310 295 10.89
310 276 10.89
310 311 10.89
310 309 10.89
311 311 -43.56
311 294 10.89
311 275 10.89
311 372 10.89
311 310 10.89
312 312 -43.56
312 313 10.89
312 316 10.89
312 368 10.89
313 313 -43.56
313 321 10.89
313 312 10.89
313 317 10.89
313 369 10.89
314 314 -43.56
314 315 10.89
314 336 10.89
314 316 10.89
315 315 -43.56
315 323 10.89
315 314 10.89
315 337 10.89
315 317 10.89
316 316 -43.56
316 317 10.89
316 314 10.89
316 312 10.89
317 317 -43.56
317 322 10.89
317 316 10.89
317 315 10.89
317 313 10.89
318 318 -43.56
318 361 10.89
318 321 10.89
318 320 10.89
318 371 10.89
319 319 -43.56
319 363 10.89
319 323 10.89
319 339 10.89
319 320 10.89
320 320 -43.56
320 362 10.89
320 322 10.89
320 319 10.89
320 318 10.89
321 321 -43.56
321 318 10.89
321 313 10.89
321 322 10.89
321 370 10.89
322 322 -43.56
322 320 10.89
322 317 10.89
322 323 10.89
322 321 10.89
323 323 -43.56
323 319 10.89
323 315 10.89
323 338 10.89
323 322 10.89
324 324 -43.56
324 325 10.89
324 328 10.89
324 336 10.89
325 325 -43.56
325 333 10.89
325 324 10.89
325 329 10.89
325 337 10.89
326 326 -43.56
326 327 10.89
326 328 10.89
327 327 -43.56
327 335 10.89
327 326 10.89
327 329 10.89
328 328 -43.56
328 329 10.89
328 326 10.89
328 324 10.89
329 329 -43.56
329 334 10.89
329 328 10.89
329 327 10.89
329 325 10.89
330 330 -43.56
330 365 10.89
330 333 10.89
330 332 10.89
330 339 10.89
331 331 -43.56
331 367 10.89
331 335 10.89
331 332 10.89
332 332 -43.56
332 366 10.89
332 334 10.89
332 331 10.89
332 330 10.89
333 333 -43.56
333 330 10.89
333 325 10.89
333 334 10.89
333 338 10.89
334 334 -43.56
334 332 10.89
334 329 10.89
334 335 10.89
334 333 10.89
335 335 -43.56
335 331 10.89
335 327 10.89
335 334 10.89
336 336 -43.56
336 337 10.89
336 324 10.89
336 314 10.89
337 337 -43.56
337 338 10.89
337 336 10.89
337 325 10.89
337 315 10.89
338 338 -43.56
338 339 10.89
338 337 10.89
338 333 10.89
338 323 10.89
339 339 -43.56
339 364 10.89
339 338 10.89
339 330 10.89
339 319 10.89
340 340 -43.56
340 346 10.89
340 361 10.89
340 342 10.89
340 373 10.89
341 341 -43.56
341 348 10.89
341 363 10.89
341 358 10.89
341 342 10.89
342 342 -43.56
342 347 10.89
342 362 10.89
342 341 10.89
342 340 10.89
343 343 -43.56
343 489 10.89
343 346 10.89
343 345 10.89
343 375 10.89
344 344 -43.56
344 491 10.89
344 348 10.89
344 360 10.89
344 345 10.89
345 345 -43.56
345 490 10.89
345 347 10.89
345 344 10.89
345 343 10.89
346 346 -43.56
346 343 10.89
346 340 10.89
346 347 10.89
346 374 10.89
347 347 -43.56
347 345 10.89
347 342 10.89
347 348 10.89
347 346 10.89
348 348 -43.56
348 344 10.89
348 341 10.89
348 359 10.89
348 347 10.89
349 349 -43.56
349 355 10.89
349 365 10.89
349 351 10.89
349 358 10.89
350 350 -43.56
350 357 10.89
350 367 10.89
350 351 10.89
351 351 -43.56
351 356 10.89
351 366 10.89
351 350 10.89
351 349 10.89
352 352 -43.56
352 493 10.89
352 355 10.89
352 354 10.89
352 360 10.89
353 353 -43.56
353 495 10.89
353 357 10.89
353 354 10.89
354 354 -43.56
354 494 10.89
354 356 10.89
354 353 10.89
354 352 10.89
355 355 -43.56
355 352 10.89
355 349 10.89
355 356 10.89
355 359 10.89
356 356 -43.56
356 354 10.89
356 351 10.89
356 357 10.89
356 355 10.89
357 357 -43.56
357 353 10.89
357 350 10.89
357 356 10.89
358 358 -43.56
358 359 10.89
358 364 10.89
358 349 10.89
358 341 10.89
359 359 -43.56
359 360 10.89
359 358 10.89
359 355 10.89
359 348 10.89
360 360 -43.56
360 492 10.89
360 359 10.89
360 352 10.89
360 344 10.89
361 361 -43.56
361 340 10.89
361 318 10.89
361 362 10.89
361 372 10.89
362 362 -43.56
362 342 10.89
362 320 10.89
362 363 10.89
362 361 10.89
363 363 -43.56
363 341 10.89
363 319 10.89
363 364 10.89
363 362 10.89
364 364 -43.56
364 358 10.89
364 339 10.89
364 365 10.89
364 363 10.89
365 365 -43.56
365 349 10.89
365 330 10.89
365 366 10.89
365 364 10.89
366 366 -43.56
366 351 10.89
366 332 10.89
366 367 10.89
366 365 10.89
367 367 -43.56
367 350 10.89
367 331 10.89
367 366 10.89
368 368 -43.56
368 369 10.89
368 312 10.89
368 270 10.89
369 369 -43.56
369 370 10.89
369 368 10.89
369 313 10.89
369 271 10.89
370 370 -43.56
370 371 10.89
370 369 10.89
370 321 10.89
370 279 10.89
371 371 -43.56
371 372 10.89
371 370 10.89
371 318 10.89
371 275 10.89
372 372 -43.56
372 373 10.89
372 371 10.89
372 361 10.89
372 311 10.89
373 373 -43.56
373 374 10.89
373 372 10.89
373 340 10.89
373 294 10.89
374 374 -43.56
374 375 10.89
374 373 10.89
374 346 10.89
374 301 10.89
375 375 -43.56
375 488 10.89
375 374 10.89
375 343 10.89
375 297 10.89
376 376 -43.56
376 382 10.89
376 481 10.89
376 378 10.89
376 505 10.89
377 377 -43.56
377 384 10.89
377 483 10.89
377 394 10.89
377 378 10.89
378 378 -43.56
378 383 10.89
378 482 10.89
378 377 10.89
378 376 10.89
379 379 -43.56
379 418 10.89
379 382 10.89
379 381 10.89
379 507 10.89
380 380 -43.56
380 420 10.89
380 384 10.89
380 396 10.89
380 381 10.89
381 381 -43.56
381 419 10.89
381 383 10.89
381 380 10.89
381 379 10.89
382 382 -43.56
382 379 10.89
382 376 10.89
382 383 10.89
382 506 10.89
383 383 -43.56
383 381 10.89
383 378 10.89
383 384 10.89
383 382 10.89
384 384 -43.56
384 380 10.89
384 377 10.89
384 395 10.89
384 383 10.89
385 385 -43.56
385 391 10.89
385 485 10.89
385 387 10.89
385 394 10.89
386 386 -43.56
386 393 10.89
386 487 10.89
386 474 10.89
386 387 10.89
387 387 -43.56
387 392 10.89
387 486 10.89
387 386 10.89
387 385 10.89
388 388 -43.56
388 422 10.89
388 391 10.89
388 390 10.89
388 396 10.89
389 389 -43.56
389 424 10.89
389 393 10.89
389 476 10.89
389 390 10.89
390 390 -43.56
390 423 10.89
390 392 10.89
390 389 10.89
390 388 10.89
391 391 -43.56
391 388 10.89
391 385 10.89
391 392 10.89
391 395 10.89
392 392 -43.56
392 390 10.89
392 387 10.89
392 393 10.89
392 391 10.89
393 393 -43.56
393 389 10.89
393 386 10.89
393 475 10.89
393 392 10.89
394 394 -43.56
394 395 10.89
394 484 10.89
394 385 10.89
394 377 10.89
395 395 -43.56
395 396 10.89
395 394 10.89
395 391 10.89
395 384 10.89
396 396 -43.56
396 421 10.89
396 395 10.89
396 388 10.89
396 380 10.89
397 397 -43.56
397 403 10.89
397 418 10.89
397 399 10.89
397 509 10.89
398 398 -43.56
398 405 10.89
398 420 10.89
398 415 10.89
398 399 10.89
399 399 -43.56
399 404 10.89
399 419 10.89
399 398 10.89
399 397 10.89
400 400 -43.56
400 1009 10.89
400 403 10.89
400 402 10.89
400 511 10.89
401 401 -43.56
401 1011 10.89
401 405 10.89
401 417 10.89
401 402 10.89
402 402 -43.56
402 1010 10.89
402 404 10.89
402 401 10.89
402 400 10.89
403 403 -43.56
403 400 10.89
403 397 10.89
403 404 10.89
403 510 10.89
404 404 -43.56
404 402 10.89
404 399 10.89
404 405 10.89
404 403 10.89
405 405 -43.56
405 401 10.89
405 398 10.89
405 416 10.89
405 404 10.89
406 406 -43.56
406 412 10.89
406 422 10.89
406 408 10.89
406 415 10.89
407 407 -43.56
407 414 10.89
407 424 10.89
407 478 10.89
407 408 10.89
408 408 -43.56
408 413 10.89
408 423 10.89
408 407 10.89
408 406 10.89
409 409 -43.56
409 1013 10.89
409 412 10.89
409 411 10.89
409 417 10.89
410 410 -43.56
410 1015 10.89
410 414 10.89
410 480 10.89
410 411 10.89
411 411 -43.56
411 1014 10.89
411 413 10.89
411 410 10.89
411 409 10.89
412 412 -43.56
412 409 10.89
412 406 10.89
412 413 10.89
412 416 10.89
413 413 -43.56
413 411 10.89
413 408 10.89
413 414 10.89
413 412 10.89
414 414 -43.56
414 410 10.89
414 407 10.89
414 479 10.89
414 413 10.89
415 415 -43.56
415 416 10.89
415 421 10.89
415 406 10.89
415 398 10.89
416 416 -43.56
416 417 10.89
416 415 10.89
416 412 10.89
416 405 10.89
417 417 -43.56
417 1012 10.89
417 416 10.89
417 409 10.89
417 401 10.89
418 418 -43.56
418 397 10.89
418 379 10.89
418 419 10.89
418 508 10.89
419 419 -43.56
419 399 10.89
419 381 10.89
419 420 10.89
419 418 10.89
420 420 -43.56
420 398 10.89
420 380 10.89
420 421 10.89
420 419 10.89
421 421 -43.56
421 415 10.89
421 396 10.89
421 422 10.89
421 420 10.89
422 422 -43.56
422 406 10.89
422 388 10.89
422 423 10.89
422 421 10.89
423 423 -43.56
423 408 10.89
423 390 10.89
423 424 10.89
423 422 10.89
424 424 -43.56
424 407 10.89
424 389 10.89
424 477 10.89
424 423 10.89
425 425 -43.56
425 431 10.89
425 489 10.89
425 427 10.89
425 474 10.89
426 426 -43.56
426 433 10.89
426 491 10.89
426 443 10.89
426 427 10.89
427 427 -43.56
427 432 10.89
427 490 10.89
427 426 10.89
427 425 10.89
428 428 -43.56
428 467 10.89
428 431 10.89
428 430 10.89
428 476 10.89
429 429 -43.56
429 469 10.89
429 433 10.89
429 445 10.89
429 430 10.89
430 430 -43.56
430 468 10.89
430 432 10.89
430 429 10.89
430 428 10.89
431 431 -43.56
431 428 10.89
431 425 10.89
431 432 10.89
431 475 10.89
432 432 -43.56
432 430 10.89
432 427 10.89
432 433 10.89
432 431 10.89
433 433 -43.56
433 429 10.89
433 426 10.89
433 444 10.89
433 432 10.89
434 434 -43.56
434 440 10.89
434 493 10.89
434 436 10.89
434 443 10.89
435 435 -43.56
435 442 10.89
435 495 10.89
435 436 10.89
436 436 -43.56
436 441 10.89
436 494 10.89
436 435 10.89
436 434 10.89
437 437 -43.56
437 471 10.89
437 440 10.89
437 439 10.89
437 445 10.89
438 438 -43.56
438 473 10.89
438 442 10.89
438 439 10.89
439 439 -43.56
439 472 10.89
439 441 10.89
439 438 10.89
439 437 10.89
440 440 -43.56
440 437 10.89
440 434 10.89
440 441 10.89
440 444 10.89
441 441 -43.56
441 439 10.89
441 436 10.89
441 442 10.89
441 440 10.89
442 442 -43.56
442 438 10.89
442 435 10.89
442 441 10.89
443 443 -43.56
443 444 10.89
443 492 10.89
443 434 10.89
443 426 10.89
444 444 -43.56
444 445 10.89
444 443 10.89
444 440 10.89
444 433 10.89
445 445 -43.56
445 470 10.89
445 444 10.89
445 437 10.89
445 429 10.89
446 446 -43.56
446 452 10.89
446 467 10.89
446 448 10.89
446 478 10.89
447 447 -43.56
447 454 10.89
447 469 10.89
447 464 10.89
447 448 10.89
448 448 -43.56
448 453 10.89
448 468 10.89
448 447 10.89
448 446 10.89
449 449 -43.56
449 1017 10.89
449 452 10.89
449 451 10.89
449 480 10.89
450 450 -43.56
450 1019 10.89
450 454 10.89
450 466 10.89
450 451 10.89
451 451 -43.56
451 1018 10.89
451 453 10.89
451 450 10.89
451 449 10.89
452 452 -43.56
452 449 10.89
452 446 10.89
452 453 10.89
452 479 10.89
453 453 -43.56
453 451 10.89
453 448 10.89
453 454 10.89
453 452 10.89
454 454 -43.56
454 450 10.89
454 447 10.89
454 465 10.89
454 453 10.89
455 455 -43.56
455 461 10.89
455 471 10.89
455 457 10.89
455 464 10.89
456 456 -43.56
456 463 10.89
456 473 10.89
456 457 10.89
457 457 -43.56
457 462 10.89
457 472 10.89
457 456 10.89
457 455 10.89
458 458 -43.56
458 1021 10.89
458 461 10.89
458 460 10.89
458 466 10.89
459 459 -43.56
459 1023 10.89
459 463 10.89
459 460 10.89
460 460 -43.56
460 1022 10.89
460 462 10.89
460 459 10.89
460 458 10.89
461 461 -43.56
461 458 10.89
461 455 10.89
461 462 10.89
461 465 10.89
462 462 -43.56
462 460 10.89
462 457 10.89
462 463 10.89
462 461 10.89
463 463 -43.56
463 459 10.89
463 456 10.89
463 462 10.89
464 464 -43.56
464 465 10.89
464 470 10.89
464 455 10.89
464 447 10.89
465 465 -43.56
465 466 10.89
465 464 10.89
465 461 10.89
465 454 10.89
466 466 -43.56
466 1020 10.89
466 465 10.89
466 458 10.89
466 450 10.89
467 467 -43.56
467 446 10.89
467 428 10.89
467 468 10.89
467 477 10.89
468 468 -43.56
468 448 10.89
468 430 10.89
468 469 10.89
468 467 10.89
469 469 -43.56
469 447 10.89
469 429 10.89
469 470 10.89
469 468 10.89
470 470 -43.56
470 464 10.89
470 445 10.89
470 471 10.89
470 469 10.89
471 471 -43.56
471 455 10.89
471 437 10.89
471 472 10.89
471 470 10.89
472 472 -43.56
472 457 10.89
472 439 10.89
472 473 10.89
472 471 10.89
473 473 -43.56
473 456 10.89
473 438 10.89
473 472 10.89
474 474 -43.56
474 475 10.89
474 488 10.89
474 425 10.89
474 386 10.89
475 475 -43.56
475 476 10.89
475 474 10.89
475 431 10.89
475 393 10.89
476 476 -43.56
476 477 10.89
476 475 10.89
476 428 10.89
476 389 10.89
477 477 -43.56
477 478 10.89
477 476 10.89
477 467 10.89
477 424 10.89
478 478 -43.56
478 479 10.89
478 477 10.89
478 446 10.89
478 407 10.89
479 479 -43.56
479 480 10.89
479 478 10.89
479 452 10.89
479 414 10.89
480 480 -43.56
480 1016 10.89
480 479 10.89
480 449 10.89
480 410 10.89
481 481 -43.56
481 376 10.89
481 287 10.89
481 482 10.89
481 504 10.89
482 482 -43.56
482 378 10.89
482 289 10.89
482 483 10.89
482 481 10.89
483 483 -43.56
483 377 10.89
483 288 10.89
483 484 10.89
483 482 10.89
484 484 -43.56
484 394 10.89
484 304 10.89
484 485 10.89
484 483 10.89
485 485 -43.56
485 385 10.89
485 296 10.89
485 486 10.89
485 484 10.89
486 486 -43.56
486 387 10.89
486 298 10.89
486 487 10.89
486 485 10.89
487 487 -43.56
487 386 10.89
487 297 10.89
487 488 10.89
487 486 10.89
488 488 -43.56
488 474 10.89
488 375 10.89
488 489 10.89
488 487 10.89
489 489 -43.56
489 425 10.89
489 343 10.89
489 490 10.89
489 488 10.89
490 490 -43.56
490 427 10.89
490 345 10.89
490 491 10.89
490 489 10.89
491 491 -43.56
491 426 10.89
491 344 10.89
491 492 10.89
491 490 10.89
492 492 -43.56
492 443 10.89
492 360 10.89
492 493 10.89
492 491 10.89
493 493 -43.56
493 434 10.89
493 352 10.89
493 494 10.89
493 492 10.89
494 494 -43.56
494 436 10.89
494 354 10.89
494 495 10.89
494 493 10.89
495 495 -43.56
495 435 10.89
495 353 10.89
495 494 10.89
496 496 -43.56
496 497 10.89
496 256 10.89
496 78 10.89
497 497 -43.56
497 498 10.89
497 496 10.89
497 257 10.89
497 79 10.89
498 498 -43.56
498 499 10.89
498 497 10.89
498 265 10.89
498 87 10.89
499 499 -43.56
499 500 10.89
499 498 10.89
499 262 10.89
499 83 10.89
500 500 -43.56
500 501 10.89
500 499 10.89
500 305 10.89
500 119 10.89
501 501 -43.56
501 502 10.89
501 500 10.89
501 284 10.89
501 102 10.89
502 502 -43.56
502 503 10.89
502 501 10.89
502 290 10.89
502 109 10.89
503 503 -43.56
503 504 10.89
503 502 10.89
503 287 10.89
503 105 10.89
504 504 -43.56
504 505 10.89
504 503 10.89
504 481 10.89
504 255 10.89
505 505 -43.56
505 506 10.89
505 504 10.89
505 376 10.89
505 194 10.89
506 506 -43.56
506 507 10.89
506 505 10.89
506 382 10.89
506 201 10.89
507 507 -43.56
507 508 10.89
507 506 10.89
507 379 10.89
507 197 10.89
508 508 -43.56
508 509 10.89
508 507 10.89
508 418 10.89
508 232 10.89
509 509 -43.56
509 510 10.89
509 508 10.89
509 397 10.89
509 215 10.89
510 510 -43.56
510 511 10.89
510 509 10.89
510 403 10.89
510 222 10.89
511 511 -43.56
511 1008 10.89
511 510 10.89
511 400 10.89
511 218 10.89
512 512 -43.56
512 516 10.89
512 992 10.89
512 513 10.89
513 513 -43.56
513 517 10.89
513 993 10.89
513 521 10.89
513 512 10.89
514 514 -43.56
514 536 10.89
514 516 10.89
514 515 10.89
515 515 -43.56
515 537 10.89
515 517 10.89
515 523 10.89
515 514 10.89
516 516 -43.56
516 514 10.89
516 512 10.89
516 517 10.89
517 517 -43.56
517 515 10.89
517 513 10.89
517 522 10.89
517 516 10.89
518 518 -43.56
518 520 10.89
518 995 10.89
518 561 10.89
518 521 10.89
519 519 -43.56
519 539 10.89
519 520 10.89
519 563 10.89
519 523 10.89
520 520 -43.56
520 519 10.89
520 518 10.89
520 562 10.89
520 522 10.89
521 521 -43.56
521 522 10.89
521 994 10.89
521 518 10.89
521 513 10.89
522 522 -43.56
522 523 10.89
522 521 10.89
522 520 10.89
522 517 10.89
523 523 -43.56
523 538 10.89
523 522 10.89
523 519 10.89
523 515 10.89
524 524 -43.56
524 528 10.89
524 536 10.89
524 525 10.89
525 525 -43.56
525 529 10.89
525 537 10.89
525 533 10.89
525 524 10.89
526 526 -43.56
526 624 10.89
526 528 10.89
526 527 10.89
527 527 -43.56
527 625 10.89
527 529 10.89
527 535 10.89
527 526 10.89
528 528 -43.56
528 526 10.89
528 524 10.89
528 529 10.89
529 529 -43.56
529 527 10.89
529 525 10.89
529 534 10.89
529 528 10.89
530 530 -43.56
530 532 10.89
530 539 10.89
530 565 10.89
530 533 10.89
531 531 -43.56
531 627 10.89
531 532 10.89
531 567 10.89
531 535 10.89
532 532 -43.56
532 531 10.89
532 530 10.89
532 566 10.89
532 534 10.89
533 533 -43.56
533 534 10.89
533 538 10.89
533 530 10.89
533 525 10.89
534 534 -43.56
534 535 10.89
534 533 10.89
534 532 10.89
534 529 10.89
535 535 -43.56
535 626 10.89
535 534 10.89
535 531 10.89
535 527 10.89
536 536 -43.56
536 524 10.89
536 514 10.89
536 537 10.89
537 537 -43.56
537 525 10.89
537 515 10.89
537 538 10.89
537 536 10.89
538 538 -43.56
538 533 10.89
538 523 10.89
538 539 10.89
538 537 10.89
539 539 -43.56
539 530 10.89
539 519 10.89
539 564 10.89
539 538 10.89
540 540 -43.56
540 546 10.89
540 997 10.89
540 542 10.89
540 561 10.89
541 541 -43.56
541 548 10.89
541 999 10.89
541 737 10.89
541 542 10.89
542 542 -43.56
542 547 10.89
542 998 10.89
542 541 10.89
542 540 10.89
543 543 -43.56
543 558 10.89
543 546 10.89
543 545 10.89
543 563 10.89
544 544 -43.56
544 560 10.89
544 548 10.89
544 739 10.89
544 545 10.89
545 545 -43.56
545 559 10.89
545 547 10.89
545 544 10.89
545 543 10.89
546 546 -43.56
546 543 10.89
546 540 10.89
546 547 10.89
546 562 10.89
547 547 -43.56
547 545 10.89
547 542 10.89
547 548 10.89
547 546 10.89
548 548 -43.56
548 544 10.89
548 541 10.89
548 738 10.89
548 547 10.89
549 549 -43.56
549 555 10.89
549 558 10.89
549 551 10.89
549 565 10.89
550 550 -43.56
550 557 10.89
550 560 10.89
550 741 10.89
550 551 10.89
551 551 -43.56
551 556 10.89
551 559 10.89
551 550 10.89
551 549 10.89
552 552 -43.56
552 629 10.89
552 555 10.89
552 554 10.89
552 567 10.89
553 553 -43.56
553 631 10.89
553 557 10.89
553 743 10.89
553 554 10.89
554 554 -43.56
554 630 10.89
554 556 10.89
554 553 10.89
554 552 10.89
555 555 -43.56
555 552 10.89
555 549 10.89
555 556 10.89
555 566 10.89
556 556 -43.56
556 554 10.89
556 551 10.89
556 557 10.89
556 555 10.89
557 557 -43.56
557 553 10.89
557 550 10.89
557 742 10.89
557 556 10.89
558 558 -43.56
558 549 10.89
558 543 10.89
558 559 10.89
558 564 10.89
559 559 -43.56
559 551 10.89
559 545 10.89
559 560 10.89
559 558 10.89
560 560 -43.56
560 550 10.89
560 544 10.89
560 740 10.89
560 559 10.89
561 561 -43.56
561 562 10.89
561 996 10.89
561 540 10.89
561 518 10.89
562 562 -43.56
562 563 10.89
562 561 10.89
562 546 10.89
562 520 10.89
563 563 -43.56
563 564 10.89
563 562 10.89
563 543 10.89
563 519 10.89
564 564 -43.56
564 565 10.89
564 563 10.89
564 558 10.89
564 539 10.89
565 565 -43.56
565 566 10.89
565 564 10.89
565 549 10.89
565 530 10.89
566 566 -43.56
566 567 10.89
566 565 10.89
566 555 10.89
566 532 10.89
567 567 -43.56
567 628 10.89
567 566 10.89
567 552 10.89
567 531 10.89
568 568 -43.56
568 572 10.89
568 624 10.89
568 569 10.89
569 569 -43.56
569 573 10.89
569 625 10.89
569 577 10.89
569 568 10.89
570 570 -43.56
570 592 10.89
570 572 10.89
570 571 10.89
571 571 -43.56
571 593 10.89
571 573 10.89
571 579 10.89
571 570 10.89
572 572 -43.56
572 570 10.89
572 568 10.89
572 573 10.89
573 573 -43.56
573 571 10.89
573 569 10.89
573 578 10.89
573 572 10.89
574 574 -43.56
574 576 10.89
574 627 10.89
574 617 10.89
574 577 10.89
575 575 -43.56
575 595 10.89
575 576 10.89
575 619 10.89
575 579 10.89
576 576 -43.56
576 575 10.89
576 574 10.89
576 618 10.89
576 578 10.89
577 577 -43.56
577 578 10.89
577 626 10.89
577 574 10.89
577 569 10.89
578 578 -43.56
578 579 10.89
578 577 10.89
578 576 10.89
578 573 10.89
579 579 -43.56
579 594 10.89
579 578 10.89
579 575 10.89
579 571 10.89
580 580 -43.56
580 584 10.89
580 592 10.89
580 581 10.89
581 581 -43.56
581 585 10.89
581 593 10.89
581 589 10.89
581 580 10.89
582 582 -43.56
582 584 10.89
582 583 10.89
583 583 -43.56
583 585 10.89
583 591 10.89
583 582 10.89
584 584 -43.56
584 582 10.89
584 580 10.89
584 585 10.89
585 585 -43.56
585 583 10.89
585 581 10.89
585 590 10.89
585 584 10.89
586 586 -43.56
586 588 10.89
586 595 10.89
586 621 10.89
586 589 10.89
587 587 -43.56
587 588 10.89
587 623 10.89
587 591 10.89
588 588 -43.56
588 587 10.89
588 586 10.89
588 622 10.89
588 590 10.89
589 589 -43.56
589 590 10.89
589 594 10.89
589 586 10.89
589 581 10.89
590 590 -43.56
590 591 10.89
590 589 10.89
590 588 10.89
590 585 10.89
591 591 -43.56
591 590 10.89
591 587 10.89
591 583 10.89
592 592 -43.56
592 580 10.89
592 570 10.89
592 593 10.89
593 593 -43.56
593 581 10.89
593 571 10.89
593 594 10.89
593 592 10.89
594 594 -43.56
594 589 10.89
594 579 10.89
594 595 10.89
594 593 10.89
595 595 -43.56
595 586 10.89
595 575 10.89
595 620 10.89
595 594 10.89
596 596 -43.56
596 602 10.89
596 629 10.89
596 598 10.89
596 617 10.89
597 597 -43.56
597 604 10.89
597 631 10.89
597 745 10.89
597 598 10.89
598 598 -43.56
598 603 10.89
598 630 10.89
598 597 10.89
598 596 10.89
599 599 -43.56
599 614 10.89
599 602 10.89
599 601 10.89
599 619 10.89
600 600 -43.56
600 616 10.89
600 604 10.89
600 747 10.89
600 601 10.89
601 601 -43.56
601 615 10.89
601 603 10.89
601 600 10.89
601 599 10.89
602 602 -43.56
602 599 10.89
602 596 10.89
602 603 10.89
602 618 10.89
603 603 -43.56
603 601 10.89
603 598 10.89
603 604 10.89
603 602 10.89
604 604 -43.56
604 600 10.89
604 597 10.89
604 746 10.89
604 603 10.89
605 605 -43.56
605 611 10.89
605 614 10.89
605 607 10.89
605 621 10.89
606 606 -43.56
606 613 10.89
606 616 10.89
606 749 10.89
606 607 10.89
607 607 -43.56
607 612 10.89
607 615 10.89
607 606 10.89
607 605 10.89
608 608 -43.56
608 611 10.89
608 610 10.89
608 623 10.89
609 609 -43.56
609 613 10.89
609 751 10.89
609 610 10.89
610 610 -43.56
610 612 10.89
610 609 10.89
610 608 10.89
611 611 -43.56
611 608 10.89
611 605 10.89
611 612 10.89
611 622 10.89
612 612 -43.56
612 610 10.89
612 607 10.89
612 613 10.89
612 611 10.89
613 613 -43.56
613 609 10.89
613 606 10.89
613 750 10.89
613 612 10.89
614 614 -43.56
614 605 10.89
614 599 10.89
614 615 10.89
614 620 10.89
615 615 -43.56
615 607 10.89
615 601 10.89
615 616 10.89
615 614 10.89
616 616 -43.56
616 606 10.89
616 600 10.89
616 748 10.89
616 615 10.89
617 617 -43.56
617 618 10.89
617 628 10.89
617 596 10.89
617 574 10.89
618 618 -43.56
618 619 10.89
618 617 10.89
618 602 10.89
618 576 10.89
619 619 -43.56
619 620 10.89
619 618 10.89
619 599 10.89
619 575 10.89
620 620 -43.56
620 621 10.89
620 619 10.89
620 614 10.89
620 595 10.89
621 621 -43.56
621 622 10.89
621 620 10.89
621 605 10.89
621 586 10.89
622 622 -43.56
622 623 10.89
622 621 10.89
622 611 10.89
622 588 10.89
623 623 -43.56
623 622 10.89
623 608 10.89
623 587 10.89
624 624 -43.56
624 568 10.89
624 526 10.89
624 625 10.89
625 625 -43.56
625 569 10.89
625 527 10.89
625 626 10.89
625 624 10.89
626 626 -43.56
626 577 10.89
626 535 10.89
626 627 10.89
626 625 10.89
627 627 -43.56
627 574 10.89
627 531 10.89
627 628 10.89
627 626 10.89
628 628 -43.56
628 617 10.89
628 567 10.89
628 629 10.89
628 627 10.89
629 629 -43.56
629 596 10.89
629 552 10.89
629 630 10.89
629 628 10.89
630 630 -43.56
630 598 10.89
630 554 10.89
630 631 10.89
630 629 10.89
631 631 -43.56
631 597 10.89
631 553 10.89
631 744 10.89
631 630 10.89
632 632 -43.56
632 638 10.89
632 1001 10.89
632 634 10.89
632 737 10.89
633 633 -43.56
633 640 10.89
633 1003 10.89
633 650 10.89
633 634 10.89
634 634 -43.56
634 639 10.89
634 1002 10.89
634 633 10.89
634 632 10.89
635 635 -43.56
635 674 10.89
635 638 10.89
635 637 10.89
635 739 10.89
636 636 -43.56
636 676 10.89
636 640 10.89
636 652 10.89
636 637 10.89
637 637 -43.56
637 675 10.89
637 639 10.89
637 636 10.89
637 635 10.89
638 638 -43.56
638 635 10.89
638 632 10.89
638 639 10.89
638 738 10.89
639 639 -43.56
639 637 10.89
639 634 10.89
639 640 10.89
639 638 10.89
640 640 -43.56
640 636 10.89
640 633 10.89
640 651 10.89
640 639 10.89
641 641 -43.56
641 647 10.89
641 1005 10.89
641 643 10.89
641 650 10.89
642 642 -43.56
642 649 10.89
642 1007 10.89
642 977 10.89
642 643 10.89
643 643 -43.56
643 648 10.89
643 1006 10.89
643 642 10.89
643 641 10.89
644 644 -43.56
644 678 10.89
644 647 10.89
644 646 10.89
644 652 10.89
645 645 -43.56
645 680 10.89
645 649 10.89
645 979 10.89
645 646 10.89
646 646 -43.56
646 679 10.89
646 648 10.89
646 645 10.89
646 644 10.89
647 647 -43.56
647 644 10.89
647 641 10.89
647 648 10.89
647 651 10.89
648 648 -43.56
648 646 10.89
648 643 10.89
648 649 10.89
648 647 10.89
649 649 -43.56
649 645 10.89
649 642 10.89
649 978 10.89
649 648 10.89
650 650 -43.56
650 651 10.89
650 1004 10.89
650 641 10.89
650 633 10.89
651 651 -43.56
651 652 10.89
651 650 10.89
651 647 10.89
651 640 10.89
652 652 -43.56
652 677 10.89
652 651 10.89
652 644 10.89
652 636 10.89
653 653 -43.56
653 659 10.89
653 674 10.89
653 655 10.89
653 741 10.89
654 654 -43.56
654 661 10.89
654 676 10.89
654 671 10.89
654 655 10.89
655 655 -43.56
655 660 10.89
655 675 10.89
655 654 10.89
655 653 10.89
656 656 -43.56
656 730 10.89
656 659 10.89
656 658 10.89
656 743 10.89
657 657 -43.56
657 732 10.89
657 661 10.89
657 673 10.89
657 658 10.89
658 658 -43.56
658 731 10.89
658 660 10.89
658 657 10.89
658 656 10.89
659 659 -43.56
659 656 10.89
659 653 10.89
659 660 10.89
659 742 10.89
660 660 -43.56
660 658 10.89
660 655 10.89
660 661 10.89
660 659 10.89
661 661 -43.56
661 657 10.89
661 654 10.89
661 672 10.89
661 660 10.89
662 662 -43.56
662 668 10.89
662 678 10.89
662 664 10.89
662 671 10.89
663 663 -43.56
663 670 10.89
663 680 10.89
663 981 10.89
663 664 10.89
664 664 -43.56
664 669 10.89
664 679 10.89
664 663 10.89
664 662 10.89
665 665 -43.56
665 734 10.89
665 668 10.89
665 667 10.89
665 673 10.89
666 666 -43.56
666 736 10.89
666 670 10.89
666 983 10.89
666 667 10.89
667 667 -43.56
667 735 10.89
667 669 10.89
667 666 10.89
667 665 10.89
668 668 -43.56
668 665 10.89
668 662 10.89
668 669 10.89
668 672 10.89
669 669 -43.56
669 667 10.89
669 664 10.89
669 670 10.89
669 668 10.89
670 670 -43.56
670 666 10.89
670 663 10.89
670 982 10.89
670 669 10.89
671 671 -43.56
671 672 10.89
671 677 10.89
671 662 10.89
671 654 10.89
672 672 -43.56
672 673 10.89
672 671 10.89
672 668 10.89
672 661 10.89
673 673 -43.56
673 733 10.89
673 672 10.89
673 665 10.89
673 657 10.89
674 674 -43.56
674 653 10.89
674 635 10.89
674 675 10.89
674 740 10.89
675 675 -43.56
675 655 10.89
675 637 10.89
675 676 10.89
675 674 10.89
676 676 -43.56
676 654 10.89
676 636 10.89
676 677 10.89
676 675 10.89
677 677 -43.56
677 671 10.89
677 652 10.89
677 678 10.89
677 676 10.89
678 678 -43.56
678 662 10.89
678 644 10.89
678 679 10.89
678 677 10.89
679 679 -43.56
679 664 10.89
679 646 10.89
679 680 10.89
679 678 10.89
680 680 -43.56
680 663 10.89
680 645 10.89
680 980 10.89
680 679 10.89
681 681 -43.56
681 687 10.89
681 730 10.89
681 683 10.89
681 745 10.89
682 682 -43.56
682 689 10.89
682 732 10.89
682 699 10.89
682 683 10.89
683 683 -43.56
683 688 10.89
683 731 10.89
683 682 10.89
683 681 10.89
684 684 -43.56
684 723 10.89
684 687 10.89
684 686 10.89
684 747 10.89
685 685 -43.56
685 725 10.89
685 689 10.89
685 701 10.89
685 686 10.89
686 686 -43.56
686 724 10.89
686 688 10.89
686 685 10.89
686 684 10.89
687 687 -43.56
687 684 10.89
687 681 10.89
687 688 10.89
687 746 10.89
688 688 -43.56
688 686 10.89
688 683 10.89
688 689 10.89
688 687 10.89
689 689 -43.56
689 685 10.89
689 682 10.89
689 700 10.89
689 688 10.89
690 690 -43.56
690 696 10.89
690 734 10.89
690 692 10.89
690 699 10.89
691 691 -43.56
691 698 10.89
691 736 10.89
691 985 10.89
691 692 10.89
692 692 -43.56
692 697 10.89
692 735 10.89
692 691 10.89
692 690 10.89
693 693 -43.56
693 727 10.89
693 696 10.89
693 695 10.89
693 701 10.89
694 694 -43.56
694 729 10.89
694 698 10.89
694 987 10.89
694 695 10.89
695 695 -43.56
695 728 10.89
695 697 10.89
695 694 10.89
695 693 10.89
696 696 -43.56
696 693 10.89
696 690 10.89
696 697 10.89
696 700 10.89
697 697 -43.56
697 695 10.89
697 692 10.89
697 698 10.89
697 696 10.89
698 698 -43.56
698 694 10.89
698 691 10.89
698 986 10.89
698 697 10.89
699 699 -43.56
699 700 10.89
699 733 10.89
699 690 10.89
699 682 10.89
700 700 -43.56
700 701 10.89
700 699 10.89
700 696 10.89
700 689 10.89
701 701 -43.56
701 726 10.89
701 700 10.89
701 693 10.89
701 685 10.89
702 702 -43.56
702 708 10.89
702 723 10.89
702 704 10.89
702 749 10.89
703 703 -43.56
703 710 10.89
703 725 10.89
703 720 10.89
703 704 10.89
704 704 -43.56
704 709 10.89
704 724 10.89
704 703 10.89
704 702 10.89
705 705 -43.56
705 708 10.89
705 707 10.89
705 751 10.89
706 706 -43.56
706 710 10.89
706 722 10.89
706 707 10.89
707 707 -43.56
707 709 10.89
707 706 10.89
707 705 10.89
708 708 -43.56
708 705 10.89
708 702 10.89
708 709 10.89
708 750 10.89
709 709 -43.56
709 707 10.89
709 704 10.89
709 710 10.89
709 708 10.89
710 710 -43.56
710 706 10.89
710 703 10.89
710 721 10.89
710 709 10.89
711 711 -43.56
711 717 10.89
711 727 10.89
711 713 10.89
711 720 10.89
712 712 -43.56
712 719 10.89
712 729 10.89
712 989 10.89
712 713 10.89
713 713 -43.56
713 718 10.89
713 728 10.89
713 712 10.89
713 711 10.89
714 714 -43.56
714 717 10.89
714 716 10.89
714 722 10.89
715 715 -43.56
715 719 10.89
715 991 10.89
715 716 10.89
716 716 -43.56
716 718 10.89
716 715 10.89
716 714 10.89
717 717 -43.56
717 714 10.89
717 711 10.89
717 718 10.89
717 721 10.89
718 718 -43.56
718 716 10.89
718 713 10.89
718 719 10.89
718 717 10.89
719 719 -43.56
719 715 10.89
719 712 10.89
719 990 10.89
719 718 10.89
720 720 -43.56
720 721 10.89
720 726 10.89
720 711 10.89
720 703 10.89
721 721 -43.56
721 722 10.89
721 720 10.89
721 717 10.89
721 710 10.89
722 722 -43.56
722 721 10.89
722 714 10.89
722 706 10.89
723 723 -43.56
723 702 10.89
723 684 10.89
723 724 10.89
723 748 10.89
724 724 -43.56
724 704 10.89
724 686 10.89
724 725 10.89
724 723 10.89
725 725 -43.56
725 703 10.89
725 685 10.89
725 726 10.89
725 724 10.89
726 726 -43.56
726 720 10.89
726 701 10.89
726 727 10.89
726 725 10.89
727 727 -43.56
727 711 10.89
727 693 10.89
727 728 10.89
727 726 10.89
728 728 -43.56
728 713 10.89
728 695 10.89
728 729 10.89
728 727 10.89
729 729 -43.56
729 712 10.89
729 694 10.89
729 988 10.89
729 728 10.89
730 730 -43.56
730 681 10.89
730 656 10.89
730 731 10.89
730 744 10.89
731 731 -43.56
731 683 10.89
731 658 10.89
731 732 10.89
731 730 10.89
732 732 -43.56
732 682 10.89
732 657 10.89
732 733 10.89
732 731 10.89
733 733 -43.56
733 699 10.89
733 673 10.89
733 734 10.89
733 732 10.89
734 734 -43.56
734 690 10.89
734 665 10.89
734 735 10.89
734 733 10.89
735 735 -43.56
735 692 10.89
735 667 10.89
735 736 10.89
735 734 10.89
736 736 -43.56
736 691 10.89
736 666 10.89
736 984 10.89
736 735 10.89
737 737 -43.56
737 738 10.89
737 1000 10.89
737 632 10.89
737 541 10.89
738 738 -43.56
738 739 10.89
738 737 10.89
738 638 10.89
738 548 10.89
739 739 -43.56
739 740 10.89
739 738 10.89
739 635 10.89
739 544 10.89
740 740 -43.56
740 741 10.89
740 739 10.89
740 674 10.89
740 560 10.89
741 741 -43.56
741 742 10.89
741 740 10.89
741 653 10.89
741 550 10.89
742 742 -43.56
742 743 10.89
742 741 10.89
742 659 10.89
742 557 10.89
743 743 -43.56
743 744 10.89
743 742 10.89
743 656 10.89
743 553 10.89
744 744 -43.56
744 745 10.89
744 743 10.89
744 730 10.89
744 631 10.89
745 745 -43.56
745 746 10.89
745 744 10.89
745 681 10.89
745 597 10.89
746 746 -43.56
746 747 10.89
746 745 10.89
746 687 10.89
746 604 10.89
747 747 -43.56
747 748 10.89
747 746 10.89
747 684 10.89
747 600 10.89
748 748 -43.56
748 749 10.89
748 747 10.89
748 723 10.89
748 616 10.89
749 749 -43.56
749 750 10.89
749 748 10.89
749 702 10.89
749 606 10.89
750 750 -43.56
750 751 10.89
750 749 10.89
750 708 10.89
750 613 10.89
751 751 -43.56
751 750 10.89
751 705 10.89
751 609 10.89
752 752 -43.56
752 758 10.89
752 1009 10.89
752 754 10.89
752 977 10.89
753 753 -43.56
753 760 10.89
753 1011 10.89
753 770 10.89
753 754 10.89
754 754 -43.56
754 759 10.89
754 1010 10.89
754 753 10.89
754 752 10.89
755 755 -43.56
755 794 10.89
755 758 10.89
755 757 10.89
755 979 10.89
756 756 -43.56
756 796 10.89
756 760 10.89
756 772 10.89
756 757 10.89
757 757 -43.56
757 795 10.89
757 759 10.89
757 756 10.89
757 755 10.89
758 758 -43.56
758 755 10.89
758 752 10.89
758 759 10.89
758 978 10.89
759 759 -43.56
759 757 10.89
759 754 10.89
759 760 10.89
759 758 10.89
760 760 -43.56
760 756 10.89
760 753 10.89
760 771 10.89
760 759 10.89
761 761 -43.56
761 767 10.89
761 1013 10.89
761 763 10.89
761 770 10.89
762 762 -43.56
762 769 10.89
762 1015 10.89
762 850 10.89
762 763 10.89
763 763 -43.56
763 768 10.89
763 1014 10.89
763 762 10.89
763 761 10.89
764 764 -43.56
764 798 10.89
764 767 10.89
764 766 10.89
764 772 10.89
765 765 -43.56
765 800 10.89
765 769 10.89
765 852 10.89
765 766 10.89
766 766 -43.56
766 799 10.89
766 768 10.89
766 765 10.89
766 764 10.89
767 767 -43.56
767 764 10.89
767 761 10.89
767 768 10.89
767 771 10.89
768 768 -43.56
768 766 10.89
768 763 10.89
768 769 10.89
768 767 10.89
769 769 -43.56
769 765 10.89
769 762 10.89
769 851 10.89
769 768 10.89
770 770 -43.56
770 771 10.89
770 1012 10.89
770 761 10.89
770 753 10.89
771 771 -43.56
771 772 10.89
771 770 10.89
771 767 10.89
771 760 10.89
772 772 -43.56
772 797 10.89
772 771 10.89
772 764 10.89
772 756 10.89
773 773 -43.56
773 779 10.89
773 794 10.89
773 775 10.89
773 981 10.89
774 774 -43.56
774 781 10.89
774 796 10.89
774 791 10.89
774 775 10.89
775 775 -43.56
775 780 10.89
775 795 10.89
775 774 10.89
775 773 10.89
776 776 -43.56
776 962 10.89
776 779 10.89
776 778 10.89
776 983 10.89
777 777 -43.56
777 964 10.89
777 781 10.89
777 793 10.89
777 778 10.89
778 778 -43.56
778 963 10.89
778 780 10.89
778 777 10.89
778 776 10.89
779 779 -43.56
779 776 10.89
779 773 10.89
779 780 10.89
779 982 10.89
780 780 -43.56
780 778 10.89
780 775 10.89
780 781 10.89
780 779 10.89
781 781 -43.56
781 777 10.89
781 774 10.89
781 792 10.89
781 780 10.89
782 782 -43.56
782 788 10.89
782 798 10.89
782 784 10.89
782 791 10.89
783 783 -43.56
783 790 10.89
783 800 10.89
783 854 10.89
783 784 10.89
784 784 -43.56
784 789 10.89
784 799 10.89
784 783 10.89
784 782 10.89
785 785 -43.56
785 966 10.89
785 788 10.89
785 787 10.89
785 793 10.89
786 786 -43.56
786 968 10.89
786 790 10.89
786 856 10.89
786 787 10.89
787 787 -43.56
787 967 10.89
787 789 10.89
787 786 10.89
787 785 10.89
788 788 -43.56
788 785 10.89
788 782 10.89
788 789 10.89
788 792 10.89
789 789 -43.56
789 787 10.89
789 784 10.89
789 790 10.89
789 788 10.89
790 790 -43.56
790 786 10.89
790 783 10.89
790 855 10.89
790 789 10.89
791 791 -43.56
791 792 10.89
791 797 10.89
791 782 10.89
791 774 10.89
792 792 -43.56
792 793 10.89
792 791 10.89
792 788 10.89
792 781 10.89
793 793 -43.56
793 965 10.89
793 792 10.89
793 785 10.89
793 777 10.89
794 794 -43.56
794 773 10.89
794 755 10.89
794 795 10.89
794 980 10.89
795 795 -43.56
795 775 10.89
795 757 10.89
795 796 10.89
795 794 10.89
796 796 -43.56
796 774 10.89
796 756 10.89
796 797 10.89
796 795 10.89
797 797 -43.56
797 791 10.89
797 772 10.89
797 798 10.89
797 796 10.89
798 798 -43.56
798 782 10.89
798 764 10.89
798 799 10.89
798 797 10.89
799 799 -43.56
799 784 10.89
799 766 10.89
799 800 10.89
799 798 10.89
800 800 -43.56
800 783 10.89
800 765 10.89
800 853 10.89
800 799 10.89
801 801 -43.56
801 807 10.89
801 1017 10.89
801 803 10.89
801 850 10.89
802 802 -43.56
802 809 10.89
802 1019 10.89
802 819 10.89
802 803 10.89
803 803 -43.56
803 808 10.89
803 1018 10.89
803 802 10.89
803 801 10.89
804 804 -43.56
804 843 10.89
804 807 10.89
804 806 10.89
804 852 10.89
805 805 -43.56
805 845 10.89
805 809 10.89
805 821 10.89
805 806 10.89
806 806 -43.56
806 844 10.89
806 808 10.89
806 805 10.89
806 804 10.89
807 807 -43.56
807 804 10.89
807 801 10.89
807 808 10.89
807 851 10.89
808 808 -43.56
808 806 10.89
808 803 10.89
808 809 10.89
808 807 10.89
809 809 -43.56
809 805 10.89
809 802 10.89
809 820 10.89
809 808 10.89
810 810 -43.56
810 816 10.89
810 1021 10.89
810 812 10.89
810 819 10.89
811 811 -43.56
811 818 10.89
811 1023 10.89
811 812 10.89
812 812 -43.56
812 817 10.89
812 1022 10.89
812 811 10.89
812 810 10.89
813 813 -43.56
813 847 10.89
813 816 10.89
813 815 10.89
813 821 10.89
814 814 -43.56
814 849 10.89
814 818 10.89
814 815 10.89
815 815 -43.56
815 848 10.89
815 817 10.89
815 814 10.89
815 813 10.89
816 816 -43.56
816 813 10.89
816 810 10.89
816 817 10.89
816 820 10.89
817 817 -43.56
817 815 10.89
817 812 10.89
817 818 10.89
817 816 10.89
818 818 -43.56
818 814 10.89
818 811 10.89
818 817 10.89
819 819 -43.56
819 820 10.89
819 1020 10.89
819 810 10.89
819 802 10.89
820 820 -43.56
820 821 10.89
820 819 10.89
820 816 10.89
820 809 10.89
821 821 -43.56
821 846 10.89
821 820 10.89
821 813 10.89
821 805 10.89
822 822 -43.56
822 828 10.89
822 843 10.89
822 824 10.89
822 854 10.89
823 823 -43.56
823 830 10.89
823 845 10.89
823 840 10.89
823 824 10.89
824 824 -43.56
824 829 10.89
824 844 10.89
824 823 10.89
824 822 10.89
825 825 -43.56
825 970 10.89
825 828 10.89
825 827 10.89
825 856 10.89
826 826 -43.56
826 972 10.89
826 830 10.89
826 842 10.89
826 827 10.89
827 827 -43.56
827 971 10.89
827 829 10.89
827 826 10.89
827 825 10.89
828 828 -43.56
828 825 10.89
828 822 10.89
828 829 10.89
828 855 10.89
829 829 -43.56
829 827 10.89
829 824 10.89
829 830 10.89
829 828 10.89
830 830 -43.56
830 826 10.89
830 823 10.89
830 841 10.89
830 829 10.89
831 831 -43.56
831 837 10.89
831 847 10.89
831 833 10.89
831 840 10.89
832 832 -43.56
832 839 10.89
832 849 10.89
832 833 10.89
833 833 -43.56
833 838 10.89
833 848 10.89
833 832 10.89
833 831 10.89
834 834 -43.56
834 974 10.89
834 837 10.89
834 836 10.89
834 842 10.89
835 835 -43.56
835 976 10.89
835 839 10.89
835 836 10.89
836 836 -43.56
836 975 10.89
836 838 10.89
836 835 10.89
836 834 10.89
837 837 -43.56
837 834 10.89
837 831 10.89
837 838 10.89
837 841 10.89
838 838 -43.56
838 836 10.89
838 833 10.89
838 839 10.89
838 837 10.89
839 839 -43.56
839 835 10.89
839 832 10.89
839 838 10.89
840 840 -43.56
840 841 10.89
840 846 10.89
840 831 10.89
840 823 10.89
841 841 -43.56
841 842 10.89
841 840 10.89
841 837 10.89
841 830 10.89
842 842 -43.56
842 973 10.89
842 841 10.89
842 834 10.89
842 826 10.89
843 843 -43.56
843 822 10.89
843 804 10.89
843 844 10.89
843 853 10.89
844 844 -43.56
844 824 10.89
844 806 10.89
844 845 10.89
844 843 10.89
845 845 -43.56
845 823 10.89
845 805 10.89
845 846 10.89
845 844 10.89
846 846 -43.56
846 840 10.89
846 821 10.89
846 847 10.89
846 845 10.89
847 847 -43.56
847 831 10.89
847 813 10.89
847 848 10.89
847 846 10.89
848 848 -43.56
848 833 10.89
848 815 10.89
848 849 10.89
848 847 10.89
849 849 -43.56
849 832 10.89
849 814 10.89
849 848 10.89
850 850 -43.56
850 851 10.89
850 1016 10.89
850 801 10.89
850 762 10.89
851 851 -43.56
851 852 10.89
851 850 10.89
851 807 10.89
851 769 10.89
852 852 -43.56
852 853 10.89
852 851 10.89
852 804 10.89
852 765 10.89
853 853 -43.56
853 854 10.89
853 852 10.89
853 843 10.89
853 800 10.89
854 854 -43.56
854 855 10.89
854 853 10.89
854 822 10.89
854 783 10.89
855 855 -43.56
855 856 10.89
855 854 10.89
855 828 10.89
855 790 10.89
856 856 -43.56
856 969 10.89
856 855 10.89
856 825 10.89
856 786 10.89
857 857 -43.56
857 863 10.89
857 962 10.89
857 859 10.89
857 985 10.89
858 858 -43.56
858 865 10.89
858 964 10.89
858 875 10.89
858 859 10.89
859 859 -43.56
859 864 10.89
859 963 10.89
859 858 10.89
859 857 10.89
860 860 -43.56
860 899 10.89
860 863 10.89
860 862 10.89
860 987 10.89
861 861 -43.56
861 901 10.89
861 865 10.89
861 877 10.89
861 862 10.89
862 862 -43.56
862 900 10.89
862 864 10.89
862 861 10.89
862 860 10.89
863 863 -43.56
863 860 10.89
863 857 10.89
863 864 10.89
863 986 10.89
864 864 -43.56
864 862 10.89
864 859 10.89
864 865 10.89
864 863 10.89
865 865 -43.56
865 861 10.89
865 858 10.89
865 876 10.89
865 864 10.89
866 866 -43.56
866 872 10.89
866 966 10.89
866 868 10.89
866 875 10.89
867 867 -43.56
867 874 10.89
867 968 10.89
867 955 10.89
867 868 10.89
868 868 -43.56
868 873 10.89
868 967 10.89
868 867 10.89
868 866 10.89
869 869 -43.56
869 903 10.89
869 872 10.89
869 871 10.89
869 877 10.89
870 870 -43.56
870 905 10.89
870 874 10.89
870 957 10.89
870 871 10.89
871 871 -43.56
871 904 10.89
871 873 10.89
871 870 10.89
871 869 10.89
872 872 -43.56
872 869 10.89
872 866 10.89
872 873 10.89
872 876 10.89
873 873 -43.56
873 871 10.89
873 868 10.89
873 874 10.89
873 872 10.89
874 874 -43.56
874 870 10.89
874 867 10.89
874 956 10.89
874 873 10.89
875 875 -43.56
875 876 10.89
875 965 10.89
875 866 10.89
875 858 10.89
876 876 -43.56
876 877 10.89
876 875 10.89
876 872 10.89
876 865 10.89
877 877 -43.56
877 902 10.89
877 876 10.89
877 869 10.89
877 861 10.89
878 878 -43.56
878 884 10.89
878 899 10.89
878 880 10.89
878 989 10.89
879 879 -43.56
879 886 10.89
879 901 10.89
879 896 10.89
879 880 10.89
880 880 -43.56
880 885 10.89
880 900 10.89
880 879 10.89
880 878 10.89
881 881 -43.56
881 884 10.89
881 883 10.89
881 991 10.89
882 882 -43.56
882 886 10.89
882 898 10.89
882 883 10.89
883 883 -43.56
883 885 10.89
883 882 10.89
883 881 10.89
884 884 -43.56
884 881 10.89
884 878 10.89
884 885 10.89
884 990 10.89
885 885 -43.56
885 883 10.89
885 880 10.89
885 886 10.89
885 884 10.89
886 886 -43.56
886 882 10.89
886 879 10.89
886 897 10.89
886 885 10.89
887 887 -43.56
887 893 10.89
887 903 10.89
887 889 10.89
887 896 10.89
888 888 -43.56
888 895 10.89
888 905 10.89
888 959 10.89
888 889 10.89
889 889 -43.56
889 894 10.89
889 904 10.89
889 888 10.89
889 887 10.89
890 890 -43.56
890 893 10.89
890 892 10.89
890 898 10.89
891 891 -43.56
891 895 10.89
891 961 10.89
891 892 10.89
892 892 -43.56
892 894 10.89
892 891 10.89
892 890 10.89
893 893 -43.56
893 890 10.89
893 887 10.89
893 894 10.89
893 897 10.89
894 894 -43.56
894 892 10.89
894 889 10.89
894 895 10.89
894 893 10.89
895 895 -43.56
895 891 10.89
895 888 10.89
895 960 10.89
895 894 10.89
896 896 -43.56
896 897 10.89
896 902 10.89
896 887 10.89
896 879 10.89
897 897 -43.56
897 898 10.89
897 896 10.89
897 893 10.89
897 886 10.89
898 898 -43.56
898 897 10.89
898 890 10.89
898 882 10.89
899 899 -43.56
899 878 10.89
899 860 10.89
899 900 10.89
899 988 10.89
900 900 -43.56
900 880 10.89
900 862 10.89
900 901 10.89
900 899 10.89
901 901 -43.56
901 879 10.89
901 861 10.89
901 902 10.89
901 900 10.89
902 902 -43.56
902 896 10.89
902 877 10.89
902 903 10.89
902 901 10.89
903 903 -43.56
903 887 10.89
903 869 10.89
903 904 10.89
903 902 10.89
904 904 -43.56
904 889 10.89
904 871 10.89
904 905 10.89
904 903 10.89
905 905 -43.56
905 888 10.89
905 870 10.89
905 958 10.89
905 904 10.89
906 906 -43.56
906 912 10.89
906 970 10.89
906 908 10.89
906 955 10.89
907 907 -43.56
907 914 10.89
907 972 10.89
907 924 10.89
907 908 10.89
908 908 -43.56
908 913 10.89
908 971 10.89
908 907 10.89
908 906 10.89
909 909 -43.56
909 948 10.89
909 912 10.89
909 911 10.89
909 957 10.89
910 910 -43.56
910 950 10.89
910 914 10.89
910 926 10.89
910 911 10.89
911 911 -43.56
911 949 10.89
911 913 10.89
911 910 10.89
911 909 10.89
912 912 -43.56
912 909 10.89
912 906 10.89
912 913 10.89
912 956 10.89
913 913 -43.56
913 911 10.89
913 908 10.89
913 914 10.89
913 912 10.89
914 914 -43.56
914 910 10.89
914 907 10.89
914 925 10.89
914 913 10.89
915 915 -43.56
915 921 10.89
915 974 10.89
915 917 10.89
915 924 10.89
916 916 -43.56
916 923 10.89
916 976 10.89
916 917 10.89
917 917 -43.56
917 922 10.89
917 975 10.89
917 916 10.89
917 915 10.89
918 918 -43.56
918 952 10.89
918 921 10.89
918 920 10.89
918 926 10.89
919 919 -43.56
919 954 10.89
919 923 10.89
919 920 10.89
920 920 -43.56
920 953 10.89
920 922 10.89
920 919 10.89
920 918 10.89
921 921 -43.56
921 918 10.89
921 915 10.89
921 922 10.89
921 925 10.89
922 922 -43.56
922 920 10.89
922 917 10.89
922 923 10.89
922 921 10.89
923 923 -43.56
923 919 10.89
923 916 10.89
923 922 10.89
924 924 -43.56
924 925 10.89
924 973 10.89
924 915 10.89
924 907 10.89
925 925 -43.56
925 926 10.89
925 924 10.89
925 921 10.89
925 914 10.89
926 926 -43.56
926 951 10.89
926 925 10.89
926 918 10.89
926 910 10.89
927 927 -43.56
927 933 10.89
927 948 10.89
927 929 10.89
927 959 10.89
928 928 -43.56
928 935 10.89
928 950 10.89
928 945 10.89
928 929 10.89
929 929 -43.56
929 934 10.89
929 949 10.89
929 928 10.89
929 927 10.89
930 930 -43.56
930 933 10.89
930 932 10.89
930 961 10.89
931 931 -43.56
931 935 10.89
931 947 10.89
931 932 10.89
932 932 -43.56
932 934 10.89
932 931 10.89
932 930 10.89
933 933 -43.56
933 930 10.89
933 927 10.89
933 934 10.89
933 960 10.89
934 934 -43.56
934 932 10.89
934 929 10.89
934 935 10.89
934 933 10.89
935 935 -43.56
935 931 10.89
935 928 10.89
935 946 10.89
935 934 10.89
936 936 -43.56
936 942 10.89
936 952 10.89
936 938 10.89
936 945 10.89
937 937 -43.56
937 944 10.89
937 954 10.89
937 938 10.89
938 938 -43.56
938 943 10.89
938 953 10.89
938 937 10.89
938 936 10.89
939 939 -43.56
939 942 10.89
939 941 10.89
939 947 10.89
940 940 -43.56
940 944 10.89
940 941 10.89
941 941 -43.56
941 943 10.89
941 940 10.89
941 939 10.89
942 942 -43.56
942 939 10.89
942 936 10.89
942 943 10.89
942 946 10.89
943 943 -43.56
943 941 10.89
943 938 10.89
943 944 10.89
943 942 10.89
944 944 -43.56
944 940 10.89
944 937 10.89
944 943 10.89
945 945 -43.56
945 946 10.89
945 951 10.89
945 936 10.89
945 928 10.89
946 946 -43.56
946 947 10.89
946 945 10.89
946 942 10.89
946 935 10.89
947 947 -43.56
947 946 10.89
947 939 10.89
947 931 10.89
948 948 -43.56
948 927 10.89
948 909 10.89
948 949 10.89
948 958 10.89
949 949 -43.56
949 929 10.89
949 911 10.89
949 950 10.89
949 948 10.89
950 950 -43.56
950 928 10.89
950 910 10.89
950 951 10.89
950 949 10.89
951 951 -43.56
951 945 10.89
951 926 10.89
951 952 10.89
951 950 10.89
952 952 -43.56
952 936 10.89
952 918 10.89
952 953 10.89
952 951 10.89
953 953 -43.56
953 938 10.89
953 920 10.89
953 954 10.89
953 952 10.89
954 954 -43.56
954 937 10.89
954 919 10.89
954 953 10.89
955 955 -43.56
955 956 10.89
955 969 10.89
955 906 10.89
955 867 10.89
956 956 -43.56
956 957 10.89
956 955 10.89
956 912 10.89
956 874 10.89
957 957 -43.56
957 958 10.89
957 956 10.89
957 909 10.89
957 870 10.89
958 958 -43.56
958 959 10.89
958 957 10.89
958 948 10.89
958 905 10.89
959 959 -43.56
959 960 10.89
959 958 10.89
959 927 10.89
959 888 10.89
960 960 -43.56
960 961 10.89
960 959 10.89
960 933 10.89
960 895 10.89
961 961 -43.56
961 960 10.89
961 930 10.89
961 891 10.89
962 962 -43.56
962 857 10.89
962 776 10.89
962 963 10.89
962 984 10.89
963 963 -43.56
963 859 10.89
963 778 10.89
963 964 10.89
963 962 10.89
964 964 -43.56
964 858 10.89
964 777 10.89
964 965 10.89
964 963 10.89
965 965 -43.56
965 875 10.89
965 793 10.89
965 966 10.89
965 964 10.89
966 966 -43.56
966 866 10.89
966 785 10.89
966 967 10.89
966 965 10.89
967 967 -43.56
967 868 10.89
967 787 10.89
967 968 10.89
967 966 10.89
968 968 -43.56
968 867 10.89
968 786 10.89
968 969 10.89
968 967 10.89
969 969 -43.56
969 955 10.89
969 856 10.89
969 970 10.89
969 968 10.89
970 970 -43.56
970 906 10.89
970 825 10.89
970 971 10.89
970 969 10.89
971 971 -43.56
971 908 10.89
971 827 10.89
971 972 10.89
971 970 10.89
972 972 -43.56
972 907 10.89
972 826 10.89
972 973 10.89
972 971 10.89
973 973 -43.56
973 924 10.89
973 842 10.89
973 974 10.89
973 972 10.89
974 974 -43.56
974 915 10.89
974 834 10.89
974 975 10.89
974 973 10.89
975 975 -43.56
975 917 10.89
975 836 10.89
975 976 10.89
975 974 10.89
976 976 -43.56
976 916 10.89
976 835 10.89
976 975 10.89
977 977 -43.56
977 978 10.89
977 1008 10.89
977 752 10.89
977 642 10.89
978 978 -43.56
978 979 10.89
978 977 10.89
978 758 10.89
978 649 10.89
979 979 -43.56
979 980 10.89
979 978 10.89
979 755 10.89
979 645 10.89
980 980 -43.56
980 981 10.89
980 979 10.89
980 794 10.89
980 680 10.89
981 981 -43.56
981 982 10.89
981 980 10.89
981 773 10.89
981 663 10.89
982 982 -43.56
982 983 10.89
982 981 10.89
982 779 10.89
982 670 10.89
983 983 -43.56
983 984 10.89
983 982 10.89
983 776 10.89
983 666 10.89
984 984 -43.56
984 985 10.89
984 983 10.89
984 962 10.89
984 736 10.89
985 985 -43.56
985 986 10.89
985 984 10.89
985 857 10.89
985 691 10.89
986 986 -43.56
986 987 10.89
986 985 10.89
986 863 10.89
986 698 10.89
987 987 -43.56
987 988 10.89
987 986 10.89
987 860 10.89
987 694 10.89
988 988 -43.56
988 989 10.89
988 987 10.89
988 899 10.89
988 729 10.89
989 989 -43.56
989 990 10.89
989 988 10.89
989 878 10.89
989 712 10.89
990 990 -43.56
990 991 10.89
990 989 10.89
990 884 10.89
990 719 10.89
991 991 -43.56
991 990 10.89
991 881 10.89
991 715 10.89
992 992 -43.56
992 512 10.89
992 142 10.89
992 993 10.89
993 993 -43.56
993 513 10.89
993 143 10.89
993 994 10.89
993 992 10.89
994 994 -43.56
994 521 10.89
994 151 10.89
994 995 10.89
994 993 10.89
995 995 -43.56
995 518 10.89
995 147 10.89
995 996 10.89
995 994 10.89
996 996 -43.56
996 561 10.89
996 183 10.89
996 997 10.89
996 995 10.89
997 997 -43.56
997 540 10.89
997 168 10.89
997 998 10.89
997 996 10.89
998 998 -43.56
998 542 10.89
998 170 10.89
998 999 10.89
998 997 10.89
999 999 -43.56
999 541 10.89
999 169 10.89
999 1000 10.89
999 998 10.89
1000 1000 -43.56
1000 737 10.89
1000 239 10.89
1000 1001 10.89
1000 999 10.89
1001 1001 -43.56
1001 632 10.89
1001 208 10.89
1001 1002 10.89
1001 1000 10.89
1002 1002 -43.56
1002 634 10.89
1002 210 10.89
1002 1003 10.89
1002 1001 10.89
1003 1003 -43.56
1003 633 10.89
1003 209 10.89
1003 1004 10.89
1003 1002 10.89
1004 1004 -43.56
1004 650 10.89
1004 225 10.89
1004 1005 10.89
1004 1003 10.89
1005 1005 -43.56
1005 641 10.89
1005 217 10.89
1005 1006 10.89
1005 1004 10.89
1006 1006 -43.56
1006 643 10.89
1006 219 10.89
1006 1007 10.89
1006 1005 10.89
1007 1007 -43.56
1007 642 10.89
1007 218 10.89
1007 1008 10.89
1007 1006 10.89
1008 1008 -43.56
1008 977 10.89
1008 511 10.89
1008 1009 10.89
1008 1007 10.89
1009 1009 -43.56
1009 752 10.89
1009 400 10.89
1009 1010 10.89
1009 1008 10.89
1010 1010 -43.56
1010 754 10.89
1010 402 10.89
1010 1011 10.89
1010 1009 10.89
1011 1011 -43.56
1011 753 10.89
1011 401 10.89
1011 1012 10.89
1011 1010 10.89
1012 1012 -43.56
1012 770 10.89
1012 417 10.89
1012 1013 10.89
1012 1011 10.89
1013 1013 -43.56
1013 761 10.89
1013 409 10.89
1013 1014 10.89
1013 1012 10.89
1014 1014 -43.56
1014 763 10.89
1014 411 10.89
1014 1015 10.89
1014 1013 10.89
1015 1015 -43.56
1015 762 10.89
1015 410 10.89
1015 1016 10.89
1015 1014 10.89
1016 1016 -43.56
1016 850 10.89
1016 480 10.89
1016 1017 10.89
1016 1015 10.89
1017 1017 -43.56
1017 801 10.89
1017 449 10.89
1017 1018 10.89
1017 1016 10.89
1018 1018 -43.56
1018 803 10.89
1018 451 10.89
1018 1019 10.89
1018 1017 10.89
1019 1019 -43.56
1019 802 10.89
1019 450 10.89
1019 1020 10.89
1019 1018 10.89
1020 1020 -43.56
1020 819 10.89
1020 466 10.89
1020 1021 10.89
1020 1019 10.89
1021 1021 -43.56
1021 810 10.89
1021 458 10.89
1021 1022 10.89
1021 1020 10.89
1022 1022 -43.56
1022 812 10.89
1022 460 10.89
1022 1023 10.89
1022 1021 10.89
1023 1023 -43.56
1023 811 10.89
1023 459 10.89
1023 1022 10.89
