0 0 -1
0 4 0.25
0 1 0.25
1 1 -1
1 5 0.25
1 2 0.25
1 0 0.25
2 2 -1
2 6 0.25
2 3 0.25
2 1 0.25
3 3 -1
3 7 0.25
3 2 0.25
4 4 -1
4 8 0.25
4 0 0.25
4 5 0.25
5 5 -1
5 9 0.25
5 1 0.25
5 6 0.25
5 4 0.25
6 6 -1
6 10 0.25
6 2 0.25
6 7 0.25
6 5 0.25
7 7 -1
7 11 0.25
7 3 0.25
7 6 0.25
8 8 -1
8 12 0.25
8 4 0.25
8 9 0.25
9 9 -1
9 13 0.25
9 5 0.25
9 10 0.25
9 8 0.25
10 10 -1
10 14 0.25
10 6 0.25
10 11 0.25
10 9 0.25
11 11 -1
11 15 0.25
11 7 0.25
11 10 0.25
12 12 -1
12 8 0.25
12 13 0.25
13 13 -1
13 9 0.25
13 14 0.25
13 12 0.25
14 14 -1
14 10 0.25
14 15 0.25
14 13 0.25
15 15 -1
15 11 0.25
15 14 0.25
