0 0 -1
0 2 0.25
0 1 0.25
1 1 -1
1 3 0.25
1 6 0.25
1 0 0.25
2 2 -1
2 12 0.25
2 0 0.25
2 3 0.25
3 3 -1
3 13 0.25
3 1 0.25
3 7 0.25
3 2 0.25
4 4 -1
4 5 0.25
4 6 0.25
5 5 -1
5 15 0.25
5 4 0.25
5 7 0.25
6 6 -1
6 7 0.25
6 4 0.25
6 1 0.25
7 7 -1
7 14 0.25
7 6 0.25
7 5 0.25
7 3 0.25
8 8 -1
8 12 0.25
8 9 0.25
9 9 -1
9 13 0.25
9 11 0.25
9 8 0.25
10 10 -1
10 15 0.25
10 11 0.25
11 11 -1
11 14 0.25
11 10 0.25
11 9 0.25
12 12 -1
12 8 0.25
12 2 0.25
12 13 0.25
13 13 -1
13 9 0.25
13 3 0.25
13 14 0.25
13 12 0.25
14 14 -1
14 11 0.25
14 7 0.25
14 15 0.25
14 13 0.25
15 15 -1
15 10 0.25
15 5 0.25
15 14 0.25
