0 0 32
1 0 1
2 1 33
3 1 2
4 2 34
5 2 3
6 3 35
7 3 4
8 4 36
9 4 5
10 5 37
11 5 6
12 6 38
13 6 7
14 7 39
15 7 8
16 8 40
17 8 9
18 9 41
19 9 10
20 10 42
21 10 11
22 11 43
23 11 12
24 12 44
25 12 13
26 13 45
27 13 14
28 14 46
29 14 15
30 15 47
31 15 16
32 16 48
33 16 17
34 17 49
35 17 18
36 18 50
37 18 19
38 19 51
39 19 20
40 20 52
41 20 21
42 21 53
43 21 22
44 22 54
45 22 23
46 23 55
47 23 24
48 24 56
49 24 25
50 25 57
51 25 26
52 26 58
53 26 27
54 27 59
55 27 28
56 28 60
57 28 29
58 29 61
59 29 30
60 30 62
61 30 31
62 31 63
63 32 64
64 32 33
65 33 65
66 33 34
67 34 66
68 34 35
69 35 67
70 35 36
71 36 68
72 36 37
73 37 69
74 37 38
75 38 70
76 38 39
77 39 71
78 39 40
79 40 72
80 40 41
81 41 73
82 41 42
83 42 74
84 42 43
85 43 75
86 43 44
87 44 76
88 44 45
89 45 77
90 45 46
91 46 78
92 46 47
93 47 79
94 47 48
95 48 80
96 48 49
97 49 81
98 49 50
99 50 82
100 50 51
101 51 83
102 51 52
103 52 84
104 52 53
105 53 85
106 53 54
107 54 86
108 54 55
109 55 87
110 55 56
111 56 88
112 56 57
113 57 89
114 57 58
115 58 90
116 58 59
117 59 91
118 59 60
119 60 92
120 60 61
121 61 93
122 61 62
123 62 94
124 62 63
125 63 95
126 64 96
127 64 65
128 65 97
129 65 66
130 66 98
131 66 67
132 67 99
133 67 68
134 68 100
135 68 69
136 69 101
137 69 70
138 70 102
139 70 71
140 71 103
141 71 72
142 72 104
143 72 73
144 73 105
145 73 74
146 74 106
147 74 75
148 75 107
149 75 76
150 76 108
151 76 77
152 77 109
153 77 78
154 78 110
155 78 79
156 79 111
157 79 80
158 80 112
159 80 81
160 81 113
161 81 82
162 82 114
163 82 83
164 83 115
165 83 84
166 84 116
167 84 85
168 85 117
169 85 86
170 86 118
171 86 87
172 87 119
173 87 88
174 88 120
175 88 89
176 89 121
177 89 90
178 90 122
179 90 91
180 91 123
181 91 92
182 92 124
183 92 93
184 93 125
185 93 94
186 94 126
187 94 95
188 95 127
189 96 128
190 96 97
191 97 129
192 97 98
193 98 130
194 98 99
195 99 131
196 99 100
197 100 132
198 100 101
199 101 133
200 101 102
201 102 134
202 102 103
203 103 135
204 103 104
205 104 136
206 104 105
207 105 137
208 105 106
209 106 138
210 106 107
211 107 139
212 107 108
213 108 140
214 108 109
215 109 141
216 109 110
217 110 142
218 110 111
219 111 143
220 111 112
221 112 144
222 112 113
223 113 145
224 113 114
225 114 146
226 114 115
227 115 147
228 115 116
229 116 148
230 116 117
231 117 149
232 117 118
233 118 150
234 118 119
235 119 151
236 119 120
237 120 152
238 120 121
239 121 153
240 121 122
241 122 154
242 122 123
243 123 155
244 123 124
245 124 156
246 124 125
247 125 157
248 125 126
249 126 158
250 126 127
251 127 159
252 128 160
253 128 129
254 129 161
255 129 130
256 130 162
257 130 131
258 131 163
259 131 132
260 132 164
261 132 133
262 133 165
263 133 134
264 134 166
265 134 135
266 135 167
267 135 136
268 136 168
269 136 137
270 137 169
271 137 138
272 138 170
273 138 139
274 139 171
275 139 140
276 140 172
277 140 141
278 141 173
279 141 142
280 142 174
281 142 143
282 143 175
283 143 144
284 144 176
285 144 145
286 145 177
287 145 146
288 146 178
289 146 147
290 147 179
291 147 148
292 148 180
293 148 149
294 149 181
295 149 150
296 150 182
297 150 151
298 151 183
299 151 152
300 152 184
301 152 153
302 153 185
303 153 154
304 154 186
305 154 155
306 155 187
307 155 156
308 156 188
309 156 157
310 157 189
311 157 158
312 158 190
313 158 159
314 159 191
315 160 192
316 160 161
317 161 193
318 161 162
319 162 194
320 162 163
321 163 195
322 163 164
323 164 196
324 164 165
325 165 197
326 165 166
327 166 198
328 166 167
329 167 199
330 167 168
331 168 200
332 168 169
333 169 201
334 169 170
335 170 202
336 170 171
337 171 203
338 171 172
339 172 204
340 172 173
341 173 205
342 173 174
343 174 206
344 174 175
345 175 207
346 175 176
347 176 208
348 176 177
349 177 209
350 177 178
351 178 210
352 178 179
353 179 211
354 179 180
355 180 212
356 180 181
357 181 213
358 181 182
359 182 214
360 182 183
361 183 215
362 183 184
363 184 216
364 184 185
365 185 217
366 185 186
367 186 218
368 186 187
369 187 219
370 187 188
371 188 220
372 188 189
373 189 221
374 189 190
375 190 222
376 190 191
377 191 223
378 192 224
379 192 193
380 193 225
381 193 194
382 194 226
383 194 195
384 195 227
385 195 196
386 196 228
387 196 197
388 197 229
389 197 198
390 198 230
391 198 199
392 199 231
393 199 200
394 200 232
395 200 201
396 201 233
397 201 202
398 202 234
399 202 203
400 203 235
401 203 204
402 204 236
403 204 205
404 205 237
405 205 206
406 206 238
407 206 207
408 207 239
409 207 208
410 208 240
411 208 209
412 209 241
413 209 210
414 210 242
415 210 211
416 211 243
417 211 212
418 212 244
419 212 213
420 213 245
421 213 214
422 214 246
423 214 215
424 215 247
425 215 216
426 216 248
427 216 217
428 217 249
429 217 218
430 218 250
431 218 219
432 219 251
433 219 220
434 220 252
435 220 221
436 221 253
437 221 222
438 222 254
439 222 223
440 223 255
441 224 256
442 224 225
443 225 257
444 225 226
445 226 258
446 226 227
447 227 259
448 227 228
449 228 260
450 228 229
451 229 261
452 229 230
453 230 262
454 230 231
455 231 263
456 231 232
457 232 264
458 232 233
459 233 265
460 233 234
461 234 266
462 234 235
463 235 267
464 235 236
465 236 268
466 236 237
467 237 269
468 237 238
469 238 270
470 238 239
471 239 271
472 239 240
473 240 272
474 240 241
475 241 273
476 241 242
477 242 274
478 242 243
479 243 275
480 243 244
481 244 276
482 244 245
483 245 277
484 245 246
485 246 278
486 246 247
487 247 279
488 247 248
489 248 280
490 248 249
491 249 281
492 249 250
493 250 282
494 250 251
495 251 283
496 251 252
497 252 284
498 252 253
499 253 285
500 253 254
501 254 286
502 254 255
503 255 287
504 256 288
505 256 257
506 257 289
507 257 258
508 258 290
509 258 259
510 259 291
511 259 260
512 260 292
513 260 261
514 261 293
515 261 262
516 262 294
517 262 263
518 263 295
519 263 264
520 264 296
521 264 265
522 265 297
523 265 266
524 266 298
525 266 267
526 267 299
527 267 268
528 268 300
529 268 269
530 269 301
531 269 270
532 270 302
533 270 271
534 271 303
535 271 272
536 272 304
537 272 273
538 273 305
539 273 274
540 274 306
541 274 275
542 275 307
543 275 276
544 276 308
545 276 277
546 277 309
547 277 278
548 278 310
549 278 279
550 279 311
551 279 280
552 280 312
553 280 281
554 281 313
555 281 282
556 282 314
557 282 283
558 283 315
559 283 284
560 284 316
561 284 285
562 285 317
563 285 286
564 286 318
565 286 287
566 287 319
567 288 320
568 288 289
569 289 321
570 289 290
571 290 322
572 290 291
573 291 323
574 291 292
575 292 324
576 292 293
577 293 325
578 293 294
579 294 326
580 294 295
581 295 327
582 295 296
583 296 328
584 296 297
585 297 329
586 297 298
587 298 330
588 298 299
589 299 331
590 299 300
591 300 332
592 300 301
593 301 333
594 301 302
595 302 334
596 302 303
597 303 335
598 303 304
599 304 336
600 304 305
601 305 337
602 305 306
603 306 338
604 306 307
605 307 339
606 307 308
607 308 340
608 308 309
609 309 341
610 309 310
611 310 342
612 310 311
613 311 343
614 311 312
615 312 344
616 312 313
617 313 345
618 313 314
619 314 346
620 314 315
621 315 347
622 315 316
623 316 348
624 316 317
625 317 349
626 317 318
627 318 350
628 318 319
629 319 351
630 320 352
631 320 321
632 321 353
633 321 322
634 322 354
635 322 323
636 323 355
637 323 324
638 324 356
639 324 325
640 325 357
641 325 326
642 326 358
643 326 327
644 327 359
645 327 328
646 328 360
647 328 329
648 329 361
649 329 330
650 330 362
651 330 331
652 331 363
653 331 332
654 332 364
655 332 333
656 333 365
657 333 334
658 334 366
659 334 335
660 335 367
661 335 336
662 336 368
663 336 337
664 337 369
665 337 338
666 338 370
667 338 339
668 339 371
669 339 340
670 340 372
671 340 341
672 341 373
673 341 342
674 342 374
675 342 343
676 343 375
677 343 344
678 344 376
679 344 345
680 345 377
681 345 346
682 346 378
683 346 347
684 347 379
685 347 348
686 348 380
687 348 349
688 349 381
689 349 350
690 350 382
691 350 351
692 351 383
693 352 384
694 352 353
695 353 385
696 353 354
697 354 386
698 354 355
699 355 387
700 355 356
701 356 388
702 356 357
703 357 389
704 357 358
705 358 390
706 358 359
707 359 391
708 359 360
709 360 392
710 360 361
711 361 393
712 361 362
713 362 394
714 362 363
715 363 395
716 363 364
717 364 396
718 364 365
719 365 397
720 365 366
721 366 398
722 366 367
723 367 399
724 367 368
725 368 400
726 368 369
727 369 401
728 369 370
729 370 402
730 370 371
731 371 403
732 371 372
733 372 404
734 372 373
735 373 405
736 373 374
737 374 406
738 374 375
739 375 407
740 375 376
741 376 408
742 376 377
743 377 409
744 377 378
745 378 410
746 378 379
747 379 411
748 379 380
749 380 412
750 380 381
751 381 413
752 381 382
753 382 414
754 382 383
755 383 415
756 384 416
757 384 385
758 385 417
759 385 386
760 386 418
761 386 387
762 387 419
763 387 388
764 388 420
765 388 389
766 389 421
767 389 390
768 390 422
769 390 391
770 391 423
771 391 392
772 392 424
773 392 393
774 393 425
775 393 394
776 394 426
777 394 395
778 395 427
779 395 396
780 396 428
781 396 397
782 397 429
783 397 398
784 398 430
785 398 399
786 399 431
787 399 400
788 400 432
789 400 401
790 401 433
791 401 402
792 402 434
793 402 403
794 403 435
795 403 404
796 404 436
797 404 405
798 405 437
799 405 406
800 406 438
801 406 407
802 407 439
803 407 408
804 408 440
805 408 409
806 409 441
807 409 410
808 410 442
809 410 411
810 411 443
811 411 412
812 412 444
813 412 413
814 413 445
815 413 414
816 414 446
817 414 415
818 415 447
819 416 448
820 416 417
821 417 449
822 417 418
823 418 450
824 418 419
825 419 451
826 419 420
827 420 452
828 420 421
829 421 453
830 421 422
831 422 454
832 422 423
833 423 455
834 423 424
835 424 456
836 424 425
837 425 457
838 425 426
839 426 458
840 426 427
841 427 459
842 427 428
843 428 460
844 428 429
845 429 461
846 429 430
847 430 462
848 430 431
849 431 463
850 431 432
851 432 464
852 432 433
853 433 465
854 433 434
855 434 466
856 434 435
857 435 467
858 435 436
859 436 468
860 436 437
861 437 469
862 437 438
863 438 470
864 438 439
865 439 471
866 439 440
867 440 472
868 440 441
869 441 473
870 441 442
871 442 474
872 442 443
873 443 475
874 443 444
875 444 476
876 444 445
877 445 477
878 445 446
879 446 478
880 446 447
881 447 479
882 448 480
883 448 449
884 449 481
885 449 450
886 450 482
887 450 451
888 451 483
889 451 452
890 452 484
891 452 453
892 453 485
893 453 454
894 454 486
895 454 455
896 455 487
897 455 456
898 456 488
899 456 457
900 457 489
901 457 458
902 458 490
903 458 459
904 459 491
905 459 460
906 460 492
907 460 461
908 461 493
909 461 462
910 462 494
911 462 463
912 463 495
913 463 464
914 464 496
915 464 465
916 465 497
917 465 466
918 466 498
919 466 467
920 467 499
921 467 468
922 468 500
923 468 469
924 469 501
925 469 470
926 470 502
927 470 471
928 471 503
929 471 472
930 472 504
931 472 473
932 473 505
933 473 474
934 474 506
935 474 475
936 475 507
937 475 476
938 476 508
939 476 477
940 477 509
941 477 478
942 478 510
943 478 479
944 479 511
945 480 512
946 480 481
947 481 513
948 481 482
949 482 514
950 482 483
951 483 515
952 483 484
953 484 516
954 484 485
955 485 517
956 485 486
957 486 518
958 486 487
959 487 519
960 487 488
961 488 520
962 488 489
963 489 521
964 489 490
965 490 522
966 490 491
967 491 523
968 491 492
969 492 524
970 492 493
971 493 525
972 493 494
973 494 526
974 494 495
975 495 527
976 495 496
977 496 528
978 496 497
979 497 529
980 497 498
981 498 530
982 498 499
983 499 531
984 499 500
985 500 532
986 500 501
987 501 533
988 501 502
989 502 534
990 502 503
991 503 535
992 503 504
993 504 536
994 504 505
995 505 537
996 505 506
997 506 538
998 506 507
999 507 539
1000 507 508
1001 508 540
1002 508 509
1003 509 541
1004 509 510
1005 510 542
1006 510 511
1007 511 543
1008 512 544
1009 512 513
1010 513 545
1011 513 514
1012 514 546
1013 514 515
1014 515 547
1015 515 516
1016 516 548
1017 516 517
1018 517 549
1019 517 518
1020 518 550
1021 518 519
1022 519 551
1023 519 520
1024 520 552
1025 520 521
1026 521 553
1027 521 522
1028 522 554
1029 522 523
1030 523 555
1031 523 524
1032 524 556
1033 524 525
1034 525 557
1035 525 526
1036 526 558
1037 526 527
1038 527 559
1039 527 528
1040 528 560
1041 528 529
1042 529 561
1043 529 530
1044 530 562
1045 530 531
1046 531 563
1047 531 532
1048 532 564
1049 532 533
1050 533 565
1051 533 534
1052 534 566
1053 534 535
1054 535 567
1055 535 536
1056 536 568
1057 536 537
1058 537 569
1059 537 538
1060 538 570
1061 538 539
1062 539 571
1063 539 540
1064 540 572
1065 540 541
1066 541 573
1067 541 542
1068 542 574
1069 542 543
1070 543 575
1071 544 576
1072 544 545
1073 545 577
1074 545 546
1075 546 578
1076 546 547
1077 547 579
1078 547 548
1079 548 580
1080 548 549
1081 549 581
1082 549 550
1083 550 582
1084 550 551
1085 551 583
1086 551 552
1087 552 584
1088 552 553
1089 553 585
1090 553 554
1091 554 586
1092 554 555
1093 555 587
1094 555 556
1095 556 588
1096 556 557
1097 557 589
1098 557 558
1099 558 590
1100 558 559
1101 559 591
1102 559 560
1103 560 592
1104 560 561
1105 561 593
1106 561 562
1107 562 594
1108 562 563
1109 563 595
1110 563 564
1111 564 596
1112 564 565
1113 565 597
1114 565 566
1115 566 598
1116 566 567
1117 567 599
1118 567 568
1119 568 600
1120 568 569
1121 569 601
1122 569 570
1123 570 602
1124 570 571
1125 571 603
1126 571 572
1127 572 604
1128 572 573
1129 573 605
1130 573 574
1131 574 606
1132 574 575
1133 575 607
1134 576 608
1135 576 577
1136 577 609
1137 577 578
1138 578 610
1139 578 579
1140 579 611
1141 579 580
1142 580 612
1143 580 581
1144 581 613
1145 581 582
1146 582 614
1147 582 583
1148 583 615
1149 583 584
1150 584 616
1151 584 585
1152 585 617
1153 585 586
1154 586 618
1155 586 587
1156 587 619
1157 587 588
1158 588 620
1159 588 589
1160 589 621
1161 589 590
1162 590 622
1163 590 591
1164 591 623
1165 591 592
1166 592 624
1167 592 593
1168 593 625
1169 593 594
1170 594 626
1171 594 595
1172 595 627
1173 595 596
1174 596 628
1175 596 597
1176 597 629
1177 597 598
1178 598 630
1179 598 599
1180 599 631
1181 599 600
1182 600 632
1183 600 601
1184 601 633
1185 601 602
1186 602 634
1187 602 603
1188 603 635
1189 603 604
1190 604 636
1191 604 605
1192 605 637
1193 605 606
1194 606 638
1195 606 607
1196 607 639
1197 608 640
1198 608 609
1199 609 641
1200 609 610
1201 610 642
1202 610 611
1203 611 643
1204 611 612
1205 612 644
1206 612 613
1207 613 645
1208 613 614
1209 614 646
1210 614 615
1211 615 647
1212 615 616
1213 616 648
1214 616 617
1215 617 649
1216 617 618
1217 618 650
1218 618 619
1219 619 651
1220 619 620
1221 620 652
1222 620 621
1223 621 653
1224 621 622
1225 622 654
1226 622 623
1227 623 655
1228 623 624
1229 624 656
1230 624 625
1231 625 657
1232 625 626
1233 626 658
1234 626 627
1235 627 659
1236 627 628
1237 628 660
1238 628 629
1239 629 661
1240 629 630
1241 630 662
1242 630 631
1243 631 663
1244 631 632
1245 632 664
1246 632 633
1247 633 665
1248 633 634
1249 634 666
1250 634 635
1251 635 667
1252 635 636
1253 636 668
1254 636 637
1255 637 669
1256 637 638
1257 638 670
1258 638 639
1259 639 671
1260 640 672
1261 640 641
1262 641 673
1263 641 642
1264 642 674
1265 642 643
1266 643 675
1267 643 644
1268 644 676
1269 644 645
1270 645 677
1271 645 646
1272 646 678
1273 646 647
1274 647 679
1275 647 648
1276 648 680
1277 648 649
1278 649 681
1279 649 650
1280 650 682
1281 650 651
1282 651 683
1283 651 652
1284 652 684
1285 652 653
1286 653 685
1287 653 654
1288 654 686
1289 654 655
1290 655 687
1291 655 656
1292 656 688
1293 656 657
1294 657 689
1295 657 658
1296 658 690
1297 658 659
1298 659 691
1299 659 660
1300 660 692
1301 660 661
1302 661 693
1303 661 662
1304 662 694
1305 662 663
1306 663 695
1307 663 664
1308 664 696
1309 664 665
1310 665 697
1311 665 666
1312 666 698
1313 666 667
1314 667 699
1315 667 668
1316 668 700
1317 668 669
1318 669 701
1319 669 670
1320 670 702
1321 670 671
1322 671 703
1323 672 704
1324 672 673
1325 673 705
1326 673 674
1327 674 706
1328 674 675
1329 675 707
1330 675 676
1331 676 708
1332 676 677
1333 677 709
1334 677 678
1335 678 710
1336 678 679
1337 679 711
1338 679 680
1339 680 712
1340 680 681
1341 681 713
1342 681 682
1343 682 714
1344 682 683
1345 683 715
1346 683 684
1347 684 716
1348 684 685
1349 685 717
1350 685 686
1351 686 718
1352 686 687
1353 687 719
1354 687 688
1355 688 720
1356 688 689
1357 689 721
1358 689 690
1359 690 722
1360 690 691
1361 691 723
1362 691 692
1363 692 724
1364 692 693
1365 693 725
1366 693 694
1367 694 726
1368 694 695
1369 695 727
1370 695 696
1371 696 728
1372 696 697
1373 697 729
1374 697 698
1375 698 730
1376 698 699
1377 699 731
1378 699 700
1379 700 732
1380 700 701
1381 701 733
1382 701 702
1383 702 734
1384 702 703
1385 703 735
1386 704 736
1387 704 705
1388 705 737
1389 705 706
1390 706 738
1391 706 707
1392 707 739
1393 707 708
1394 708 740
1395 708 709
1396 709 741
1397 709 710
1398 710 742
1399 710 711
1400 711 743
1401 711 712
1402 712 744
1403 712 713
1404 713 745
1405 713 714
1406 714 746
1407 714 715
1408 715 747
1409 715 716
1410 716 748
1411 716 717
1412 717 749
1413 717 718
1414 718 750
1415 718 719
1416 719 751
1417 719 720
1418 720 752
1419 720 721
1420 721 753
1421 721 722
1422 722 754
1423 722 723
1424 723 755
1425 723 724
1426 724 756
1427 724 725
1428 725 757
1429 725 726
1430 726 758
1431 726 727
1432 727 759
1433 727 728
1434 728 760
1435 728 729
1436 729 761
1437 729 730
1438 730 762
1439 730 731
1440 731 763
1441 731 732
1442 732 764
1443 732 733
1444 733 765
1445 733 734
1446 734 766
1447 734 735
1448 735 767
1449 736 768
1450 736 737
1451 737 769
1452 737 738
1453 738 770
1454 738 739
1455 739 771
1456 739 740
1457 740 772
1458 740 741
1459 741 773
1460 741 742
1461 742 774
1462 742 743
1463 743 775
1464 743 744
1465 744 776
1466 744 745
1467 745 777
1468 745 746
1469 746 778
1470 746 747
1471 747 779
1472 747 748
1473 748 780
1474 748 749
1475 749 781
1476 749 750
1477 750 782
1478 750 751
1479 751 783
1480 751 752
1481 752 784
1482 752 753
1483 753 785
1484 753 754
1485 754 786
1486 754 755
1487 755 787
1488 755 756
1489 756 788
1490 756 757
1491 757 789
1492 757 758
1493 758 790
1494 758 759
1495 759 791
1496 759 760
1497 760 792
1498 760 761
1499 761 793
1500 761 762
1501 762 794
1502 762 763
1503 763 795
1504 763 764
1505 764 796
1506 764 765
1507 765 797
1508 765 766
1509 766 798
1510 766 767
1511 767 799
1512 768 800
1513 768 769
1514 769 801
1515 769 770
1516 770 802
1517 770 771
1518 771 803
1519 771 772
1520 772 804
1521 772 773
1522 773 805
1523 773 774
1524 774 806
1525 774 775
1526 775 807
1527 775 776
1528 776 808
1529 776 777
1530 777 809
1531 777 778
1532 778 810
1533 778 779
1534 779 811
1535 779 780
1536 780 812
1537 780 781
1538 781 813
1539 781 782
1540 782 814
1541 782 783
1542 783 815
1543 783 784
1544 784 816
1545 784 785
1546 785 817
1547 785 786
1548 786 818
1549 786 787
1550 787 819
1551 787 788
1552 788 820
1553 788 789
1554 789 821
1555 789 790
1556 790 822
1557 790 791
1558 791 823
1559 791 792
1560 792 824
1561 792 793
1562 793 825
1563 793 794
1564 794 826
1565 794 795
1566 795 827
1567 795 796
1568 796 828
1569 796 797
1570 797 829
1571 797 798
1572 798 830
1573 798 799
1574 799 831
1575 800 832
1576 800 801
1577 801 833
1578 801 802
1579 802 834
1580 802 803
1581 803 835
1582 803 804
1583 804 836
1584 804 805
1585 805 837
1586 805 806
1587 806 838
1588 806 807
1589 807 839
1590 807 808
1591 808 840
1592 808 809
1593 809 841
1594 809 810
1595 810 842
1596 810 811
1597 811 843
1598 811 812
1599 812 844
1600 812 813
1601 813 845
1602 813 814
1603 814 846
1604 814 815
1605 815 847
1606 815 816
1607 816 848
1608 816 817
1609 817 849
1610 817 818
1611 818 850
1612 818 819
1613 819 851
1614 819 820
1615 820 852
1616 820 821
1617 821 853
1618 821 822
1619 822 854
1620 822 823
1621 823 855
1622 823 824
1623 824 856
1624 824 825
1625 825 857
1626 825 826
1627 826 858
1628 826 827
1629 827 859
1630 827 828
1631 828 860
1632 828 829
1633 829 861
1634 829 830
1635 830 862
1636 830 831
1637 831 863
1638 832 864
1639 832 833
1640 833 865
1641 833 834
1642 834 866
1643 834 835
1644 835 867
1645 835 836
1646 836 868
1647 836 837
1648 837 869
1649 837 838
1650 838 870
1651 838 839
1652 839 871
1653 839 840
1654 840 872
1655 840 841
1656 841 873
1657 841 842
1658 842 874
1659 842 843
1660 843 875
1661 843 844
1662 844 876
1663 844 845
1664 845 877
1665 845 846
1666 846 878
1667 846 847
1668 847 879
1669 847 848
1670 848 880
1671 848 849
1672 849 881
1673 849 850
1674 850 882
1675 850 851
1676 851 883
1677 851 852
1678 852 884
1679 852 853
1680 853 885
1681 853 854
1682 854 886
1683 854 855
1684 855 887
1685 855 856
1686 856 888
1687 856 857
1688 857 889
1689 857 858
1690 858 890
1691 858 859
1692 859 891
1693 859 860
1694 860 892
1695 860 861
1696 861 893
1697 861 862
1698 862 894
1699 862 863
1700 863 895
1701 864 896
1702 864 865
1703 865 897
1704 865 866
1705 866 898
1706 866 867
1707 867 899
1708 867 868
1709 868 900
1710 868 869
1711 869 901
1712 869 870
1713 870 902
1714 870 871
1715 871 903
1716 871 872
1717 872 904
1718 872 873
1719 873 905
1720 873 874
1721 874 906
1722 874 875
1723 875 907
1724 875 876
1725 876 908
1726 876 877
1727 877 909
1728 877 878
1729 878 910
1730 878 879
1731 879 911
1732 879 880
1733 880 912
1734 880 881
1735 881 913
1736 881 882
1737 882 914
1738 882 883
1739 883 915
1740 883 884
1741 884 916
1742 884 885
1743 885 917
1744 885 886
1745 886 918
1746 886 887
1747 887 919
1748 887 888
1749 888 920
1750 888 889
1751 889 921
1752 889 890
1753 890 922
1754 890 891
1755 891 923
1756 891 892
1757 892 924
1758 892 893
1759 893 925
1760 893 894
1761 894 926
1762 894 895
1763 895 927
1764 896 928
1765 896 897
1766 897 929
1767 897 898
1768 898 930
1769 898 899
1770 899 931
1771 899 900
1772 900 932
1773 900 901
1774 901 933
1775 901 902
1776 902 934
1777 902 903
1778 903 935
1779 903 904
1780 904 936
1781 904 905
1782 905 937
1783 905 906
1784 906 938
1785 906 907
1786 907 939
1787 907 908
1788 908 940
1789 908 909
1790 909 941
1791 909 910
1792 910 942
1793 910 911
1794 911 943
1795 911 912
1796 912 944
1797 912 913
1798 913 945
1799 913 914
1800 914 946
1801 914 915
1802 915 947
1803 915 916
1804 916 948
1805 916 917
1806 917 949
1807 917 918
1808 918 950
1809 918 919
1810 919 951
1811 919 920
1812 920 952
1813 920 921
1814 921 953
1815 921 922
1816 922 954
1817 922 923
1818 923 955
1819 923 924
1820 924 956
1821 924 925
1822 925 957
1823 925 926
1824 926 958
1825 926 927
1826 927 959
1827 928 960
1828 928 929
1829 929 961
1830 929 930
1831 930 962
1832 930 931
1833 931 963
1834 931 932
1835 932 964
1836 932 933
1837 933 965
1838 933 934
1839 934 966
1840 934 935
1841 935 967
1842 935 936
1843 936 968
1844 936 937
1845 937 969
1846 937 938
1847 938 970
1848 938 939
1849 939 971
1850 939 940
1851 940 972
1852 940 941
1853 941 973
1854 941 942
1855 942 974
1856 942 943
1857 943 975
1858 943 944
1859 944 976
1860 944 945
1861 945 977
1862 945 946
1863 946 978
1864 946 947
1865 947 979
1866 947 948
1867 948 980
1868 948 949
1869 949 981
1870 949 950
1871 950 982
1872 950 951
1873 951 983
1874 951 952
1875 952 984
1876 952 953
1877 953 985
1878 953 954
1879 954 986
1880 954 955
1881 955 987
1882 955 956
1883 956 988
1884 956 957
1885 957 989
1886 957 958
1887 958 990
1888 958 959
1889 959 991
1890 960 992
1891 960 961
1892 961 993
1893 961 962
1894 962 994
1895 962 963
1896 963 995
1897 963 964
1898 964 996
1899 964 965
1900 965 997
1901 965 966
1902 966 998
1903 966 967
1904 967 999
1905 967 968
1906 968 1000
1907 968 969
1908 969 1001
1909 969 970
1910 970 1002
1911 970 971
1912 971 1003
1913 971 972
1914 972 1004
1915 972 973
1916 973 1005
1917 973 974
1918 974 1006
1919 974 975
1920 975 1007
1921 975 976
1922 976 1008
1923 976 977
1924 977 1009
1925 977 978
1926 978 1010
1927 978 979
1928 979 1011
1929 979 980
1930 980 1012
1931 980 981
1932 981 1013
1933 981 982
1934 982 1014
1935 982 983
1936 983 1015
1937 983 984
1938 984 1016
1939 984 985
1940 985 1017
1941 985 986
1942 986 1018
1943 986 987
1944 987 1019
1945 987 988
1946 988 1020
1947 988 989
1948 989 1021
1949 989 990
1950 990 1022
1951 990 991
1952 991 1023
1953 992 993
1954 993 994
1955 994 995
1956 995 996
1957 996 997
1958 997 998
1959 998 999
1960 999 1000
1961 1000 1001
1962 1001 1002
1963 1002 1003
1964 1003 1004
1965 1004 1005
1966 1005 1006
1967 1006 1007
1968 1007 1008
1969 1008 1009
1970 1009 1010
1971 1010 1011
1972 1011 1012
1973 1012 1013
1974 1013 1014
1975 1014 1015
1976 1015 1016
1977 1016 1017
1978 1017 1018
1979 1018 1019
1980 1019 1020
1981 1020 1021
1982 1021 1022
1983 1022 1023
