0 1 1 0.030303 0.030303
1 1 2 0.030303 0.0606061
2 1 3 0.030303 0.0909091
3 1 4 0.030303 0.121212
4 1 5 0.030303 0.151515
5 1 6 0.030303 0.181818
6 1 7 0.030303 0.212121
7 1 8 0.030303 0.242424
8 1 9 0.030303 0.272727
9 1 10 0.030303 0.30303
10 1 11 0.030303 0.333333
11 1 12 0.030303 0.363636
12 1 13 0.030303 0.393939
13 1 14 0.030303 0.424242
14 1 15 0.030303 0.454545
15 1 16 0.030303 0.484848
16 1 17 0.030303 0.515152
17 1 18 0.030303 0.545455
18 1 19 0.030303 0.575758
19 1 20 0.030303 0.606061
20 1 21 0.030303 0.636364
21 1 22 0.030303 0.666667
22 1 23 0.030303 0.69697
23 1 24 0.030303 0.727273
24 1 25 0.030303 0.757576
25 1 26 0.030303 0.787879
26 1 27 0.030303 0.818182
27 1 28 0.030303 0.848485
28 1 29 0.030303 0.878788
29 1 30 0.030303 0.909091
30 1 31 0.030303 0.939394
31 1 32 0.030303 0.969697
32 2 1 0.0606061 0.030303
33 2 2 0.0606061 0.0606061
34 2 3 0.0606061 0.0909091
35 2 4 0.0606061 0.121212
36 2 5 0.0606061 0.151515
37 2 6 0.0606061 0.181818
38 2 7 0.0606061 0.212121
39 2 8 0.0606061 0.242424
40 2 9 0.0606061 0.272727
41 2 10 0.0606061 0.30303
42 2 11 0.0606061 0.333333
43 2 12 0.0606061 0.363636
44 2 13 0.0606061 0.393939
45 2 14 0.0606061 0.424242
46 2 15 0.0606061 0.454545
47 2 16 0.0606061 0.484848
48 2 17 0.0606061 0.515152
49 2 18 0.0606061 0.545455
50 2 19 0.0606061 0.575758
51 2 20 0.0606061 0.606061
52 2 21 0.0606061 0.636364
53 2 22 0.0606061 0.666667
54 2 23 0.0606061 0.69697
55 2 24 0.0606061 0.727273
56 2 25 0.0606061 0.757576
57 2 26 0.0606061 0.787879
58 2 27 0.0606061 0.818182
59 2 28 0.0606061 0.848485
60 2 29 0.0606061 0.878788
61 2 30 0.0606061 0.909091
62 2 31 0.0606061 0.939394
63 2 32 0.0606061 0.969697
64 3 1 0.0909091 0.030303
65 3 2 0.0909091 0.0606061
66 3 3 0.0909091 0.0909091
67 3 4 0.0909091 0.121212
68 3 5 0.0909091 0.151515
69 3 6 0.0909091 0.181818
70 3 7 0.0909091 0.212121
71 3 8 0.0909091 0.242424
72 3 9 0.0909091 0.272727
73 3 10 0.0909091 0.30303
74 3 11 0.0909091 0.333333
75 3 12 0.0909091 0.363636
76 3 13 0.0909091 0.393939
77 3 14 0.0909091 0.424242
78 3 15 0.0909091 0.454545
79 3 16 0.0909091 0.484848
80 3 17 0.0909091 0.515152
81 3 18 0.0909091 0.545455
82 3 19 0.0909091 0.575758
83 3 20 0.0909091 0.606061
84 3 21 0.0909091 0.636364
85 3 22 0.0909091 0.666667
86 3 23 0.0909091 0.69697
87 3 24 0.0909091 0.727273
88 3 25 0.0909091 0.757576
89 3 26 0.0909091 0.787879
90 3 27 0.0909091 0.818182
91 3 28 0.0909091 0.848485
92 3 29 0.0909091 0.878788
93 3 30 0.0909091 0.909091
94 3 31 0.0909091 0.939394
95 3 32 0.0909091 0.969697
96 4 1 0.121212 0.030303
97 4 2 0.121212 0.0606061
98 4 3 0.121212 0.0909091
99 4 4 0.121212 0.121212
100 4 5 0.121212 0.151515
101 4 6 0.121212 0.181818
102 4 7 0.121212 0.212121
103 4 8 0.121212 0.242424
104 4 9 0.121212 0.272727
105 4 10 0.121212 0.30303
106 4 11 0.121212 0.333333
107 4 12 0.121212 0.363636
108 4 13 0.121212 0.393939
109 4 14 0.121212 0.424242
110 4 15 0.121212 0.454545
111 4 16 0.121212 0.484848
112 4 17 0.121212 0.515152
113 4 18 0.121212 0.545455
114 4 19 0.121212 0.575758
115 4 20 0.121212 0.606061
116 4 21 0.121212 0.636364
117 4 22 0.121212 0.666667
118 4 23 0.121212 0.69697
119 4 24 0.121212 0.727273
120 4 25 0.121212 0.757576
121 4 26 0.121212 0.787879
122 4 27 0.121212 0.818182
123 4 28 0.121212 0.848485
124 4 29 0.121212 0.878788
125 4 30 0.121212 0.909091
126 4 31 0.121212 0.939394
127 4 32 0.121212 0.969697
128 5 1 0.151515 0.030303
129 5 2 0.151515 0.0606061
130 5 3 0.151515 0.0909091
131 5 4 0.151515 0.121212
132 5 5 0.151515 0.151515
133 5 6 0.151515 0.181818
134 5 7 0.151515 0.212121
135 5 8 0.151515 0.242424
136 5 9 0.151515 0.272727
137 5 10 0.151515 0.30303
138 5 11 0.151515 0.333333
139 5 12 0.151515 0.363636
140 5 13 0.151515 0.393939
141 5 14 0.151515 0.424242
142 5 15 0.151515 0.454545
143 5 16 0.151515 0.484848
144 5 17 0.151515 0.515152
145 5 18 0.151515 0.545455
146 5 19 0.151515 0.575758
147 5 20 0.151515 0.606061
148 5 21 0.151515 0.636364
149 5 22 0.151515 0.666667
150 5 23 0.151515 0.69697
151 5 24 0.151515 0.727273
152 5 25 0.151515 0.757576
153 5 26 0.151515 0.787879
154 5 27 0.151515 0.818182
155 5 28 0.151515 0.848485
156 5 29 0.151515 0.878788
157 5 30 0.151515 0.909091
158 5 31 0.151515 0.939394
159 5 32 0.151515 0.969697
160 6 1 0.181818 0.030303
161 6 2 0.181818 0.0606061
162 6 3 0.181818 0.0909091
163 6 4 0.181818 0.121212
164 6 5 0.181818 0.151515
165 6 6 0.181818 0.181818
166 6 7 0.181818 0.212121
167 6 8 0.181818 0.242424
168 6 9 0.181818 0.272727
169 6 10 0.181818 0.30303
170 6 11 0.181818 0.333333
171 6 12 0.181818 0.363636
172 6 13 0.181818 0.393939
173 6 14 0.181818 0.424242
174 6 15 0.181818 0.454545
175 6 16 0.181818 0.484848
176 6 17 0.181818 0.515152
177 6 18 0.181818 0.545455
178 6 19 0.181818 0.575758
179 6 20 0.181818 0.606061
180 6 21 0.181818 0.636364
181 6 22 0.181818 0.666667
182 6 23 0.181818 0.69697
183 6 24 0.181818 0.727273
184 6 25 0.181818 0.757576
185 6 26 0.181818 0.787879
186 6 27 0.181818 0.818182
187 6 28 0.181818 0.848485
188 6 29 0.181818 0.878788
189 6 30 0.181818 0.909091
190 6 31 0.181818 0.939394
191 6 32 0.181818 0.969697
192 7 1 0.212121 0.030303
193 7 2 0.212121 0.0606061
194 7 3 0.212121 0.0909091
195 7 4 0.212121 0.121212
196 7 5 0.212121 0.151515
197 7 6 0.212121 0.181818
198 7 7 0.212121 0.212121
199 7 8 0.212121 0.242424
200 7 9 0.212121 0.272727
201 7 10 0.212121 0.30303
202 7 11 0.212121 0.333333
203 7 12 0.212121 0.363636
204 7 13 0.212121 0.393939
205 7 14 0.212121 0.424242
206 7 15 0.212121 0.454545
207 7 16 0.212121 0.484848
208 7 17 0.212121 0.515152
209 7 18 0.212121 0.545455
210 7 19 0.212121 0.575758
211 7 20 0.212121 0.606061
212 7 21 0.212121 0.636364
213 7 22 0.212121 0.666667
214 7 23 0.212121 0.69697
215 7 24 0.212121 0.727273
216 7 25 0.212121 0.757576
217 7 26 0.212121 0.787879
218 7 27 0.212121 0.818182
219 7 28 0.212121 0.848485
220 7 29 0.212121 0.878788
221 7 30 0.212121 0.909091
222 7 31 0.212121 0.939394
223 7 32 0.212121 0.969697
224 8 1 0.242424 0.030303
225 8 2 0.242424 0.0606061
226 8 3 0.242424 0.0909091
227 8 4 0.242424 0.121212
228 8 5 0.242424 0.151515
229 8 6 0.242424 0.181818
230 8 7 0.242424 0.212121
231 8 8 0.242424 0.242424
232 8 9 0.242424 0.272727
233 8 10 0.242424 0.30303
234 8 11 0.242424 0.333333
235 8 12 0.242424 0.363636
236 8 13 0.242424 0.393939
237 8 14 0.242424 0.424242
238 8 15 0.242424 0.454545
239 8 16 0.242424 0.484848
240 8 17 0.242424 0.515152
241 8 18 0.242424 0.545455
242 8 19 0.242424 0.575758
243 8 20 0.242424 0.606061
244 8 21 0.242424 0.636364
245 8 22 0.242424 0.666667
246 8 23 0.242424 0.69697
247 8 24 0.242424 0.727273
248 8 25 0.242424 0.757576
249 8 26 0.242424 0.787879
250 8 27 0.242424 0.818182
251 8 28 0.242424 0.848485
252 8 29 0.242424 0.878788
253 8 30 0.242424 0.909091
254 8 31 0.242424 0.939394
255 8 32 0.242424 0.969697
256 9 1 0.272727 0.030303
257 9 2 0.272727 0.0606061
258 9 3 0.272727 0.0909091
259 9 4 0.272727 0.121212
260 9 5 0.272727 0.151515
261 9 6 0.272727 0.181818
262 9 7 0.272727 0.212121
263 9 8 0.272727 0.242424
264 9 9 0.272727 0.272727
265 9 10 0.272727 0.30303
266 9 11 0.272727 0.333333
267 9 12 0.272727 0.363636
268 9 13 0.272727 0.393939
269 9 14 0.272727 0.424242
270 9 15 0.272727 0.454545
271 9 16 0.272727 0.484848
272 9 17 0.272727 0.515152
273 9 18 0.272727 0.545455
274 9 19 0.272727 0.575758
275 9 20 0.272727 0.606061
276 9 21 0.272727 0.636364
277 9 22 0.272727 0.666667
278 9 23 0.272727 0.69697
279 9 24 0.272727 0.727273
280 9 25 0.272727 0.757576
281 9 26 0.272727 0.787879
282 9 27 0.272727 0.818182
283 9 28 0.272727 0.848485
284 9 29 0.272727 0.878788
285 9 30 0.272727 0.909091
286 9 31 0.272727 0.939394
287 9 32 0.272727 0.969697
288 10 1 0.30303 0.030303
289 10 2 0.30303 0.0606061
290 10 3 0.30303 0.0909091
291 10 4 0.30303 0.121212
292 10 5 0.30303 0.151515
293 10 6 0.30303 0.181818
294 10 7 0.30303 0.212121
295 10 8 0.30303 0.242424
296 10 9 0.30303 0.272727
297 10 10 0.30303 0.30303
298 10 11 0.30303 0.333333
299 10 12 0.30303 0.363636
300 10 13 0.30303 0.393939
301 10 14 0.30303 0.424242
302 10 15 0.30303 0.454545
303 10 16 0.30303 0.484848
304 10 17 0.30303 0.515152
305 10 18 0.30303 0.545455
306 10 19 0.30303 0.575758
307 10 20 0.30303 0.606061
308 10 21 0.30303 0.636364
309 10 22 0.30303 0.666667
310 10 23 0.30303 0.69697
311 10 24 0.30303 0.727273
312 10 25 0.30303 0.757576
313 10 26 0.30303 0.787879
314 10 27 0.30303 0.818182
315 10 28 0.30303 0.848485
316 10 29 0.30303 0.878788
317 10 30 0.30303 0.909091
318 10 31 0.30303 0.939394
319 10 32 0.30303 0.969697
320 11 1 0.333333 0.030303
321 11 2 0.333333 0.0606061
322 11 3 0.333333 0.0909091
323 11 4 0.333333 0.121212
324 11 5 0.333333 0.151515
325 11 6 0.333333 0.181818
326 11 7 0.333333 0.212121
327 11 8 0.333333 0.242424
328 11 9 0.333333 0.272727
329 11 10 0.333333 0.30303
330 11 11 0.333333 0.333333
331 11 12 0.333333 0.363636
332 11 13 0.333333 0.393939
333 11 14 0.333333 0.424242
334 11 15 0.333333 0.454545
335 11 16 0.333333 0.484848
336 11 17 0.333333 0.515152
337 11 18 0.333333 0.545455
338 11 19 0.333333 0.575758
339 11 20 0.333333 0.606061
340 11 21 0.333333 0.636364
341 11 22 0.333333 0.666667
342 11 23 0.333333 0.69697
343 11 24 0.333333 0.727273
344 11 25 0.333333 0.757576
345 11 26 0.333333 0.787879
346 11 27 0.333333 0.818182
347 11 28 0.333333 0.848485
348 11 29 0.333333 0.878788
349 11 30 0.333333 0.909091
350 11 31 0.333333 0.939394
351 11 32 0.333333 0.969697
352 12 1 0.363636 0.030303
353 12 2 0.363636 0.0606061
354 12 3 0.363636 0.0909091
355 12 4 0.363636 0.121212
356 12 5 0.363636 0.151515
357 12 6 0.363636 0.181818
358 12 7 0.363636 0.212121
359 12 8 0.363636 0.242424
360 12 9 0.363636 0.272727
361 12 10 0.363636 0.30303
362 12 11 0.363636 0.333333
363 12 12 0.363636 0.363636
364 12 13 0.363636 0.393939
365 12 14 0.363636 0.424242
366 12 15 0.363636 0.454545
367 12 16 0.363636 0.484848
368 12 17 0.363636 0.515152
369 12 18 0.363636 0.545455
370 12 19 0.363636 0.575758
371 12 20 0.363636 0.606061
372 12 21 0.363636 0.636364
373 12 22 0.363636 0.666667
374 12 23 0.363636 0.69697
375 12 24 0.363636 0.727273
376 12 25 0.363636 0.757576
377 12 26 0.363636 0.787879
378 12 27 0.363636 0.818182
379 12 28 0.363636 0.848485
380 12 29 0.363636 0.878788
381 12 30 0.363636 0.909091
382 12 31 0.363636 0.939394
383 12 32 0.363636 0.969697
384 13 1 0.393939 0.030303
385 13 2 0.393939 0.0606061
386 13 3 0.393939 0.0909091
387 13 4 0.393939 0.121212
388 13 5 0.393939 0.151515
389 13 6 0.393939 0.181818
390 13 7 0.393939 0.212121
391 13 8 0.393939 0.242424
392 13 9 0.393939 0.272727
393 13 10 0.393939 0.30303
394 13 11 0.393939 0.333333
395 13 12 0.393939 0.363636
396 13 13 0.393939 0.393939
397 13 14 0.393939 0.424242
398 13 15 0.393939 0.454545
399 13 16 0.393939 0.484848
400 13 17 0.393939 0.515152
401 13 18 0.393939 0.545455
402 13 19 0.393939 0.575758
403 13 20 0.393939 0.606061
404 13 21 0.393939 0.636364
405 13 22 0.393939 0.666667
406 13 23 0.393939 0.69697
407 13 24 0.393939 0.727273
408 13 25 0.393939 0.757576
409 13 26 0.393939 0.787879
410 13 27 0.393939 0.818182
411 13 28 0.393939 0.848485
412 13 29 0.393939 0.878788
413 13 30 0.393939 0.909091
414 13 31 0.393939 0.939394
415 13 32 0.393939 0.969697
416 14 1 0.424242 0.030303
417 14 2 0.424242 0.0606061
418 14 3 0.424242 0.0909091
419 14 4 0.424242 0.121212
420 14 5 0.424242 0.151515
421 14 6 0.424242 0.181818
422 14 7 0.424242 0.212121
423 14 8 0.424242 0.242424
424 14 9 0.424242 0.272727
425 14 10 0.424242 0.30303
426 14 11 0.424242 0.333333
427 14 12 0.424242 0.363636
428 14 13 0.424242 0.393939
429 14 14 0.424242 0.424242
430 14 15 0.424242 0.454545
431 14 16 0.424242 0.484848
432 14 17 0.424242 0.515152
433 14 18 0.424242 0.545455
434 14 19 0.424242 0.575758
435 14 20 0.424242 0.606061
436 14 21 0.424242 0.636364
437 14 22 0.424242 0.666667
438 14 23 0.424242 0.69697
439 14 24 0.424242 0.727273
440 14 25 0.424242 0.757576
441 14 26 0.424242 0.787879
442 14 27 0.424242 0.818182
443 14 28 0.424242 0.848485
444 14 29 0.424242 0.878788
445 14 30 0.424242 0.909091
446 14 31 0.424242 0.939394
447 14 32 0.424242 0.969697
448 15 1 0.454545 0.030303
449 15 2 0.454545 0.0606061
450 15 3 0.454545 0.0909091
451 15 4 0.454545 0.121212
452 15 5 0.454545 0.151515
453 15 6 0.454545 0.181818
454 15 7 0.454545 0.212121
455 15 8 0.454545 0.242424
456 15 9 0.454545 0.272727
457 15 10 0.454545 0.30303
458 15 11 0.454545 0.333333
459 15 12 0.454545 0.363636
460 15 13 0.454545 0.393939
461 15 14 0.454545 0.424242
462 15 15 0.454545 0.454545
463 15 16 0.454545 0.484848
464 15 17 0.454545 0.515152
465 15 18 0.454545 0.545455
466 15 19 0.454545 0.575758
467 15 20 0.454545 0.606061
468 15 21 0.454545 0.636364
469 15 22 0.454545 0.666667
470 15 23 0.454545 0.69697
471 15 24 0.454545 0.727273
472 15 25 0.454545 0.757576
473 15 26 0.454545 0.787879
474 15 27 0.454545 0.818182
475 15 28 0.454545 0.848485
476 15 29 0.454545 0.878788
477 15 30 0.454545 0.909091
478 15 31 0.454545 0.939394
479 15 32 0.454545 0.969697
480 16 1 0.484848 0.030303
481 16 2 0.484848 0.0606061
482 16 3 0.484848 0.0909091
483 16 4 0.484848 0.121212
484 16 5 0.484848 0.151515
485 16 6 0.484848 0.181818
486 16 7 0.484848 0.212121
487 16 8 0.484848 0.242424
488 16 9 0.484848 0.272727
489 16 10 0.484848 0.30303
490 16 11 0.484848 0.333333
491 16 12 0.484848 0.363636
492 16 13 0.484848 0.393939
493 16 14 0.484848 0.424242
494 16 15 0.484848 0.454545
495 16 16 0.484848 0.484848
496 16 17 0.484848 0.515152
497 16 18 0.484848 0.545455
498 16 19 0.484848 0.575758
499 16 20 0.484848 0.606061
500 16 21 0.484848 0.636364
501 16 22 0.484848 0.666667
502 16 23 0.484848 0.69697
503 16 24 0.484848 0.727273
504 16 25 0.484848 0.757576
505 16 26 0.484848 0.787879
506 16 27 0.484848 0.818182
507 16 28 0.484848 0.848485
508 16 29 0.484848 0.878788
509 16 30 0.484848 0.909091
510 16 31 0.484848 0.939394
511 16 32 0.484848 0.969697
512 17 1 0.515152 0.030303
513 17 2 0.515152 0.0606061
514 17 3 0.515152 0.0909091
515 17 4 0.515152 0.121212
516 17 5 0.515152 0.151515
517 17 6 0.515152 0.181818
518 17 7 0.515152 0.212121
519 17 8 0.515152 0.242424
520 17 9 0.515152 0.272727
521 17 10 0.515152 0.30303
522 17 11 0.515152 0.333333
523 17 12 0.515152 0.363636
524 17 13 0.515152 0.393939
525 17 14 0.515152 0.424242
526 17 15 0.515152 0.454545
527 17 16 0.515152 0.484848
528 17 17 0.515152 0.515152
529 17 18 0.515152 0.545455
530 17 19 0.515152 0.575758
531 17 20 0.515152 0.606061
532 17 21 0.515152 0.636364
533 17 22 0.515152 0.666667
534 17 23 0.515152 0.69697
535 17 24 0.515152 0.727273
536 17 25 0.515152 0.757576
537 17 26 0.515152 0.787879
538 17 27 0.515152 0.818182
539 17 28 0.515152 0.848485
540 17 29 0.515152 0.878788
541 17 30 0.515152 0.909091
542 17 31 0.515152 0.939394
543 17 32 0.515152 0.969697
544 18 1 0.545455 0.030303
545 18 2 0.545455 0.0606061
546 18 3 0.545455 0.0909091
547 18 4 0.545455 0.121212
548 18 5 0.545455 0.151515
549 18 6 0.545455 0.181818
550 18 7 0.545455 0.212121
551 18 8 0.545455 0.242424
552 18 9 0.545455 0.272727
553 18 10 0.545455 0.30303
554 18 11 0.545455 0.333333
555 18 12 0.545455 0.363636
556 18 13 0.545455 0.393939
557 18 14 0.545455 0.424242
558 18 15 0.545455 0.454545
559 18 16 0.545455 0.484848
560 18 17 0.545455 0.515152
561 18 18 0.545455 0.545455
562 18 19 0.545455 0.575758
563 18 20 0.545455 0.606061
564 18 21 0.545455 0.636364
565 18 22 0.545455 0.666667
566 18 23 0.545455 0.69697
567 18 24 0.545455 0.727273
568 18 25 0.545455 0.757576
569 18 26 0.545455 0.787879
570 18 27 0.545455 0.818182
571 18 28 0.545455 0.848485
572 18 29 0.545455 0.878788
573 18 30 0.545455 0.909091
574 18 31 0.545455 0.939394
575 18 32 0.545455 0.969697
576 19 1 0.575758 0.030303
577 19 2 0.575758 0.0606061
578 19 3 0.575758 0.0909091
579 19 4 0.575758 0.121212
580 19 5 0.575758 0.151515
581 19 6 0.575758 0.181818
582 19 7 0.575758 0.212121
583 19 8 0.575758 0.242424
584 19 9 0.575758 0.272727
585 19 10 0.575758 0.30303
586 19 11 0.575758 0.333333
587 19 12 0.575758 0.363636
588 19 13 0.575758 0.393939
589 19 14 0.575758 0.424242
590 19 15 0.575758 0.454545
591 19 16 0.575758 0.484848
592 19 17 0.575758 0.515152
593 19 18 0.575758 0.545455
594 19 19 0.575758 0.575758
595 19 20 0.575758 0.606061
596 19 21 0.575758 0.636364
597 19 22 0.575758 0.666667
598 19 23 0.575758 0.69697
599 19 24 0.575758 0.727273
600 19 25 0.575758 0.757576
601 19 26 0.575758 0.787879
602 19 27 0.575758 0.818182
603 19 28 0.575758 0.848485
604 19 29 0.575758 0.878788
605 19 30 0.575758 0.909091
606 19 31 0.575758 0.939394
607 19 32 0.575758 0.969697
608 20 1 0.606061 0.030303
609 20 2 0.606061 0.0606061
610 20 3 0.606061 0.0909091
611 20 4 0.606061 0.121212
612 20 5 0.606061 0.151515
613 20 6 0.606061 0.181818
614 20 7 0.606061 0.212121
615 20 8 0.606061 0.242424
616 20 9 0.606061 0.272727
617 20 10 0.606061 0.30303
618 20 11 0.606061 0.333333
619 20 12 0.606061 0.363636
620 20 13 0.606061 0.393939
621 20 14 0.606061 0.424242
622 20 15 0.606061 0.454545
623 20 16 0.606061 0.484848
624 20 17 0.606061 0.515152
625 20 18 0.606061 0.545455
626 20 19 0.606061 0.575758
627 20 20 0.606061 0.606061
628 20 21 0.606061 0.636364
629 20 22 0.606061 0.666667
630 20 23 0.606061 0.69697
631 20 24 0.606061 0.727273
632 20 25 0.606061 0.757576
633 20 26 0.606061 0.787879
634 20 27 0.606061 0.818182
635 20 28 0.606061 0.848485
636 20 29 0.606061 0.878788
637 20 30 0.606061 0.909091
638 20 31 0.606061 0.939394
639 20 32 0.606061 0.969697
640 21 1 0.636364 0.030303
641 21 2 0.636364 0.0606061
642 21 3 0.636364 0.0909091
643 21 4 0.636364 0.121212
644 21 5 0.636364 0.151515
645 21 6 0.636364 0.181818
646 21 7 0.636364 0.212121
647 21 8 0.636364 0.242424
648 21 9 0.636364 0.272727
649 21 10 0.636364 0.30303
650 21 11 0.636364 0.333333
651 21 12 0.636364 0.363636
652 21 13 0.636364 0.393939
653 21 14 0.636364 0.424242
654 21 15 0.636364 0.454545
655 21 16 0.636364 0.484848
656 21 17 0.636364 0.515152
657 21 18 0.636364 0.545455
658 21 19 0.636364 0.575758
659 21 20 0.636364 0.606061
660 21 21 0.636364 0.636364
661 21 22 0.636364 0.666667
662 21 23 0.636364 0.69697
663 21 24 0.636364 0.727273
664 21 25 0.636364 0.757576
665 21 26 0.636364 0.787879
666 21 27 0.636364 0.818182
667 21 28 0.636364 0.848485
668 21 29 0.636364 0.878788
669 21 30 0.636364 0.909091
670 21 31 0.636364 0.939394
671 21 32 0.636364 0.969697
672 22 1 0.666667 0.030303
673 22 2 0.666667 0.0606061
674 22 3 0.666667 0.0909091
675 22 4 0.666667 0.121212
676 22 5 0.666667 0.151515
677 22 6 0.666667 0.181818
678 22 7 0.666667 0.212121
679 22 8 0.666667 0.242424
680 22 9 0.666667 0.272727
681 22 10 0.666667 0.30303
682 22 11 0.666667 0.333333
683 22 12 0.666667 0.363636
684 22 13 0.666667 0.393939
685 22 14 0.666667 0.424242
686 22 15 0.666667 0.454545
687 22 16 0.666667 0.484848
688 22 17 0.666667 0.515152
689 22 18 0.666667 0.545455
690 22 19 0.666667 0.575758
691 22 20 0.666667 0.606061
692 22 21 0.666667 0.636364
693 22 22 0.666667 0.666667
694 22 23 0.666667 0.69697
695 22 24 0.666667 0.727273
696 22 25 0.666667 0.757576
697 22 26 0.666667 0.787879
698 22 27 0.666667 0.818182
699 22 28 0.666667 0.848485
700 22 29 0.666667 0.878788
701 22 30 0.666667 0.909091
702 22 31 0.666667 0.939394
703 22 32 0.666667 0.969697
704 23 1 0.69697 0.030303
705 23 2 0.69697 0.0606061
706 23 3 0.69697 0.0909091
707 23 4 0.69697 0.121212
708 23 5 0.69697 0.151515
709 23 6 0.69697 0.181818
710 23 7 0.69697 0.212121
711 23 8 0.69697 0.242424
712 23 9 0.69697 0.272727
713 23 10 0.69697 0.30303
714 23 11 0.69697 0.333333
715 23 12 0.69697 0.363636
716 23 13 0.69697 0.393939
717 23 14 0.69697 0.424242
718 23 15 0.69697 0.454545
719 23 16 0.69697 0.484848
720 23 17 0.69697 0.515152
721 23 18 0.69697 0.545455
722 23 19 0.69697 0.575758
723 23 20 0.69697 0.606061
724 23 21 0.69697 0.636364
725 23 22 0.69697 0.666667
726 23 23 0.69697 0.69697
727 23 24 0.69697 0.727273
728 23 25 0.69697 0.757576
729 23 26 0.69697 0.787879
730 23 27 0.69697 0.818182
731 23 28 0.69697 0.848485
732 23 29 0.69697 0.878788
733 23 30 0.69697 0.909091
734 23 31 0.69697 0.939394
735 23 32 0.69697 0.969697
736 24 1 0.727273 0.030303
737 24 2 0.727273 0.0606061
738 24 3 0.727273 0.0909091
739 24 4 0.727273 0.121212
740 24 5 0.727273 0.151515
741 24 6 0.727273 0.181818
742 24 7 0.727273 0.212121
743 24 8 0.727273 0.242424
744 24 9 0.727273 0.272727
745 24 10 0.727273 0.30303
746 24 11 0.727273 0.333333
747 24 12 0.727273 0.363636
748 24 13 0.727273 0.393939
749 24 14 0.727273 0.424242
750 24 15 0.727273 0.454545
751 24 16 0.727273 0.484848
752 24 17 0.727273 0.515152
753 24 18 0.727273 0.545455
754 24 19 0.727273 0.575758
755 24 20 0.727273 0.606061
756 24 21 0.727273 0.636364
757 24 22 0.727273 0.666667
758 24 23 0.727273 0.69697
759 24 24 0.727273 0.727273
760 24 25 0.727273 0.757576
761 24 26 0.727273 0.787879
762 24 27 0.727273 0.818182
763 24 28 0.727273 0.848485
764 24 29 0.727273 0.878788
765 24 30 0.727273 0.909091
766 24 31 0.727273 0.939394
767 24 32 0.727273 0.969697
768 25 1 0.757576 0.030303
769 25 2 0.757576 0.0606061
770 25 3 0.757576 0.0909091
771 25 4 0.757576 0.121212
772 25 5 0.757576 0.151515
773 25 6 0.757576 0.181818
774 25 7 0.757576 0.212121
775 25 8 0.757576 0.242424
776 25 9 0.757576 0.272727
777 25 10 0.757576 0.30303
778 25 11 0.757576 0.333333
779 25 12 0.757576 0.363636
780 25 13 0.757576 0.393939
781 25 14 0.757576 0.424242
782 25 15 0.757576 0.454545
783 25 16 0.757576 0.484848
784 25 17 0.757576 0.515152
785 25 18 0.757576 0.545455
786 25 19 0.757576 0.575758
787 25 20 0.757576 0.606061
788 25 21 0.757576 0.636364
789 25 22 0.757576 0.666667
790 25 23 0.757576 0.69697
791 25 24 0.757576 0.727273
792 25 25 0.757576 0.757576
793 25 26 0.757576 0.787879
794 25 27 0.757576 0.818182
795 25 28 0.757576 0.848485
796 25 29 0.757576 0.878788
797 25 30 0.757576 0.909091
798 25 31 0.757576 0.939394
799 25 32 0.757576 0.969697
800 26 1 0.787879 0.030303
801 26 2 0.787879 0.0606061
802 26 3 0.787879 0.0909091
803 26 4 0.787879 0.121212
804 26 5 0.787879 0.151515
805 26 6 0.787879 0.181818
806 26 7 0.787879 0.212121
807 26 8 0.787879 0.242424
808 26 9 0.787879 0.272727
809 26 10 0.787879 0.30303
810 26 11 0.787879 0.333333
811 26 12 0.787879 0.363636
812 26 13 0.787879 0.393939
813 26 14 0.787879 0.424242
814 26 15 0.787879 0.454545
815 26 16 0.787879 0.484848
816 26 17 0.787879 0.515152
817 26 18 0.787879 0.545455
818 26 19 0.787879 0.575758
819 26 20 0.787879 0.606061
820 26 21 0.787879 0.636364
821 26 22 0.787879 0.666667
822 26 23 0.787879 0.69697
823 26 24 0.787879 0.727273
824 26 25 0.787879 0.757576
825 26 26 0.787879 0.787879
826 26 27 0.787879 0.818182
827 26 28 0.787879 0.848485
828 26 29 0.787879 0.878788
829 26 30 0.787879 0.909091
830 26 31 0.787879 0.939394
831 26 32 0.787879 0.969697
832 27 1 0.818182 0.030303
833 27 2 0.818182 0.0606061
834 27 3 0.818182 0.0909091
835 27 4 0.818182 0.121212
836 27 5 0.818182 0.151515
837 27 6 0.818182 0.181818
838 27 7 0.818182 0.212121
839 27 8 0.818182 0.242424
840 27 9 0.818182 0.272727
841 27 10 0.818182 0.30303
842 27 11 0.818182 0.333333
843 27 12 0.818182 0.363636
844 27 13 0.818182 0.393939
845 27 14 0.818182 0.424242
846 27 15 0.818182 0.454545
847 27 16 0.818182 0.484848
848 27 17 0.818182 0.515152
849 27 18 0.818182 0.545455
850 27 19 0.818182 0.575758
851 27 20 0.818182 0.606061
852 27 21 0.818182 0.636364
853 27 22 0.818182 0.666667
854 27 23 0.818182 0.69697
855 27 24 0.818182 0.727273
856 27 25 0.818182 0.757576
857 27 26 0.818182 0.787879
858 27 27 0.818182 0.818182
859 27 28 0.818182 0.848485
860 27 29 0.818182 0.878788
861 27 30 0.818182 0.909091
862 27 31 0.818182 0.939394
863 27 32 0.818182 0.969697
864 28 1 0.848485 0.030303
865 28 2 0.848485 0.0606061
866 28 3 0.848485 0.0909091
867 28 4 0.848485 0.121212
868 28 5 0.848485 0.151515
869 28 6 0.848485 0.181818
870 28 7 0.848485 0.212121
871 28 8 0.848485 0.242424
872 28 9 0.848485 0.272727
873 28 10 0.848485 0.30303
874 28 11 0.848485 0.333333
875 28 12 0.848485 0.363636
876 28 13 0.848485 0.393939
877 28 14 0.848485 0.424242
878 28 15 0.848485 0.454545
879 28 16 0.848485 0.484848
880 28 17 0.848485 0.515152
881 28 18 0.848485 0.545455
882 28 19 0.848485 0.575758
883 28 20 0.848485 0.606061
884 28 21 0.848485 0.636364
885 28 22 0.848485 0.666667
886 28 23 0.848485 0.69697
887 28 24 0.848485 0.727273
888 28 25 0.848485 0.757576
889 28 26 0.848485 0.787879
890 28 27 0.848485 0.818182
891 28 28 0.848485 0.848485
892 28 29 0.848485 0.878788
893 28 30 0.848485 0.909091
894 28 31 0.848485 0.939394
895 28 32 0.848485 0.969697
896 29 1 0.878788 0.030303
897 29 2 0.878788 0.0606061
898 29 3 0.878788 0.0909091
899 29 4 0.878788 0.121212
900 29 5 0.878788 0.151515
901 29 6 0.878788 0.181818
902 29 7 0.878788 0.212121
903 29 8 0.878788 0.242424
904 29 9 0.878788 0.272727
905 29 10 0.878788 0.30303
906 29 11 0.878788 0.333333
907 29 12 0.878788 0.363636
908 29 13 0.878788 0.393939
909 29 14 0.878788 0.424242
910 29 15 0.878788 0.454545
911 29 16 0.878788 0.484848
912 29 17 0.878788 0.515152
913 29 18 0.878788 0.545455
914 29 19 0.878788 0.575758
915 29 20 0.878788 0.606061
916 29 21 0.878788 0.636364
917 29 22 0.878788 0.666667
918 29 23 0.878788 0.69697
919 29 24 0.878788 0.727273
920 29 25 0.878788 0.757576
921 29 26 0.878788 0.787879
922 29 27 0.878788 0.818182
923 29 28 0.878788 0.848485
924 29 29 0.878788 0.878788
925 29 30 0.878788 0.909091
926 29 31 0.878788 0.939394
927 29 32 0.878788 0.969697
928 30 1 0.909091 0.030303
929 30 2 0.909091 0.0606061
930 30 3 0.909091 0.0909091
931 30 4 0.909091 0.121212
932 30 5 0.909091 0.151515
933 30 6 0.909091 0.181818
934 30 7 0.909091 0.212121
935 30 8 0.909091 0.242424
936 30 9 0.909091 0.272727
937 30 10 0.909091 0.30303
938 30 11 0.909091 0.333333
939 30 12 0.909091 0.363636
940 30 13 0.909091 0.393939
941 30 14 0.909091 0.424242
942 30 15 0.909091 0.454545
943 30 16 0.909091 0.484848
944 30 17 0.909091 0.515152
945 30 18 0.909091 0.545455
946 30 19 0.909091 0.575758
947 30 20 0.909091 0.606061
948 30 21 0.909091 0.636364
949 30 22 0.909091 0.666667
950 30 23 0.909091 0.69697
951 30 24 0.909091 0.727273
952 30 25 0.909091 0.757576
953 30 26 0.909091 0.787879
954 30 27 0.909091 0.818182
955 30 28 0.909091 0.848485
956 30 29 0.909091 0.878788
957 30 30 0.909091 0.909091
958 30 31 0.909091 0.939394
959 30 32 0.909091 0.969697
960 31 1 0.939394 0.030303
961 31 2 0.939394 0.0606061
962 31 3 0.939394 0.0909091
963 31 4 0.939394 0.121212
964 31 5 0.939394 0.151515
965 31 6 0.939394 0.181818
966 31 7 0.939394 0.212121
967 31 8 0.939394 0.242424
968 31 9 0.939394 0.272727
969 31 10 0.939394 0.30303
970 31 11 0.939394 0.333333
971 31 12 0.939394 0.363636
972 31 13 0.939394 0.393939
973 31 14 0.939394 0.424242
974 31 15 0.939394 0.454545
975 31 16 0.939394 0.484848
976 31 17 0.939394 0.515152
977 31 18 0.939394 0.545455
978 31 19 0.939394 0.575758
979 31 20 0.939394 0.606061
980 31 21 0.939394 0.636364
981 31 22 0.939394 0.666667
982 31 23 0.939394 0.69697
983 31 24 0.939394 0.727273
984 31 25 0.939394 0.757576
985 31 26 0.939394 0.787879
986 31 27 0.939394 0.818182
987 31 28 0.939394 0.848485
988 31 29 0.939394 0.878788
989 31 30 0.939394 0.909091
990 31 31 0.939394 0.939394
991 31 32 0.939394 0.969697
992 32 1 0.969697 0.030303
993 32 2 0.969697 0.0606061
994 32 3 0.969697 0.0909091
995 32 4 0.969697 0.121212
996 32 5 0.969697 0.151515
997 32 6 0.969697 0.181818
998 32 7 0.969697 0.212121
999 32 8 0.969697 0.242424
1000 32 9 0.969697 0.272727
1001 32 10 0.969697 0.30303
1002 32 11 0.969697 0.333333
1003 32 12 0.969697 0.363636
1004 32 13 0.969697 0.393939
1005 32 14 0.969697 0.424242
1006 32 15 0.969697 0.454545
1007 32 16 0.969697 0.484848
1008 32 17 0.969697 0.515152
1009 32 18 0.969697 0.545455
1010 32 19 0.969697 0.575758
1011 32 20 0.969697 0.606061
1012 32 21 0.969697 0.636364
1013 32 22 0.969697 0.666667
1014 32 23 0.969697 0.69697
1015 32 24 0.969697 0.727273
1016 32 25 0.969697 0.757576
1017 32 26 0.969697 0.787879
1018 32 27 0.969697 0.818182
1019 32 28 0.969697 0.848485
1020 32 29 0.969697 0.878788
1021 32 30 0.969697 0.909091
1022 32 31 0.969697 0.939394
1023 32 32 0.969697 0.969697
