0 0
1 1
2 64
3 65
4 3
5 67
6 2
7 66
8 192
9 193
10 195
11 194
12 128
13 129
14 130
15 131
16 5
17 69
18 7
19 71
20 6
21 70
22 197
23 199
24 198
25 133
26 134
27 135
28 4
29 68
30 132
31 196
32 320
33 321
34 448
35 449
36 384
37 385
38 323
39 451
40 387
41 322
42 386
43 450
44 325
45 327
46 326
47 453
48 455
49 454
50 389
51 390
52 391
53 324
54 388
55 452
56 256
57 257
58 258
59 259
60 260
61 261
62 262
63 263
64 9
65 73
66 11
67 75
68 10
69 74
70 201
71 203
72 202
73 137
74 138
75 139
76 13
77 77
78 15
79 79
80 14
81 78
82 205
83 207
84 206
85 141
86 142
87 143
88 12
89 76
90 140
91 204
92 329
93 331
94 330
95 457
96 459
97 458
98 393
99 394
100 395
101 333
102 335
103 334
104 461
105 463
106 462
107 397
108 398
109 399
110 332
111 396
112 460
113 265
114 266
115 267
116 268
117 269
118 270
119 271
120 8
121 72
122 136
123 200
124 264
125 328
126 392
127 456
128 576
129 577
130 704
131 705
132 640
133 641
134 579
135 707
136 643
137 578
138 642
139 706
140 832
141 833
142 960
143 961
144 896
145 897
146 835
147 963
148 899
149 834
150 898
151 962
152 768
153 769
154 770
155 771
156 581
157 583
158 582
159 709
160 711
161 710
162 645
163 646
164 647
165 837
166 839
167 838
168 965
169 967
170 966
171 901
172 902
173 903
174 773
175 774
176 775
177 580
178 644
179 708
180 772
181 836
182 900
183 964
184 585
185 587
186 586
187 713
188 715
189 714
190 649
191 650
192 651
193 589
194 591
195 590
196 717
197 719
198 718
199 653
200 654
201 655
202 588
203 652
204 716
205 841
206 843
207 842
208 969
209 971
210 970
211 905
212 906
213 907
214 845
215 847
216 846
217 973
218 975
219 974
220 909
221 910
222 911
223 844
224 908
225 972
226 777
227 778
228 779
229 780
230 781
231 782
232 783
233 584
234 648
235 712
236 776
237 840
238 904
239 968
240 512
241 513
242 514
243 515
244 516
245 517
246 518
247 519
248 520
249 521
250 522
251 523
252 524
253 525
254 526
255 527
256 17
257 81
258 19
259 83
260 18
261 82
262 209
263 211
264 210
265 145
266 146
267 147
268 21
269 85
270 23
271 87
272 22
273 86
274 213
275 215
276 214
277 149
278 150
279 151
280 20
281 84
282 148
283 212
284 337
285 339
286 338
287 465
288 467
289 466
290 401
291 402
292 403
293 341
294 343
295 342
296 469
297 471
298 470
299 405
300 406
301 407
302 340
303 404
304 468
305 273
306 274
307 275
308 276
309 277
310 278
311 279
312 25
313 89
314 27
315 91
316 26
317 90
318 217
319 219
320 218
321 153
322 154
323 155
324 29
325 93
326 31
327 95
328 30
329 94
330 221
331 223
332 222
333 157
334 158
335 159
336 28
337 92
338 156
339 220
340 345
341 347
342 346
343 473
344 475
345 474
346 409
347 410
348 411
349 349
350 351
351 350
352 477
353 479
354 478
355 413
356 414
357 415
358 348
359 412
360 476
361 281
362 282
363 283
364 284
365 285
366 286
367 287
368 24
369 88
370 152
371 216
372 280
373 344
374 408
375 472
376 593
377 595
378 594
379 721
380 723
381 722
382 657
383 658
384 659
385 597
386 599
387 598
388 725
389 727
390 726
391 661
392 662
393 663
394 596
395 660
396 724
397 849
398 851
399 850
400 977
401 979
402 978
403 913
404 914
405 915
406 853
407 855
408 854
409 981
410 983
411 982
412 917
413 918
414 919
415 852
416 916
417 980
418 785
419 786
420 787
421 788
422 789
423 790
424 791
425 601
426 603
427 602
428 729
429 731
430 730
431 665
432 666
433 667
434 605
435 607
436 606
437 733
438 735
439 734
440 669
441 670
442 671
443 604
444 668
445 732
446 857
447 859
448 858
449 985
450 987
451 986
452 921
453 922
454 923
455 861
456 863
457 862
458 989
459 991
460 990
461 925
462 926
463 927
464 860
465 924
466 988
467 793
468 794
469 795
470 796
471 797
472 798
473 799
474 600
475 664
476 728
477 792
478 856
479 920
480 984
481 529
482 530
483 531
484 532
485 533
486 534
487 535
488 536
489 537
490 538
491 539
492 540
493 541
494 542
495 543
496 16
497 80
498 144
499 208
500 272
501 336
502 400
503 464
504 528
505 592
506 656
507 720
508 784
509 848
510 912
511 976
512 1088
513 1089
514 1216
515 1217
516 1152
517 1153
518 1091
519 1219
520 1155
521 1090
522 1154
523 1218
524 1344
525 1345
526 1472
527 1473
528 1408
529 1409
530 1347
531 1475
532 1411
533 1346
534 1410
535 1474
536 1280
537 1281
538 1282
539 1283
540 1093
541 1095
542 1094
543 1221
544 1223
545 1222
546 1157
547 1158
548 1159
549 1349
550 1351
551 1350
552 1477
553 1479
554 1478
555 1413
556 1414
557 1415
558 1285
559 1286
560 1287
561 1092
562 1156
563 1220
564 1284
565 1348
566 1412
567 1476
568 1600
569 1601
570 1728
571 1729
572 1664
573 1665
574 1603
575 1731
576 1667
577 1602
578 1666
579 1730
580 1856
581 1857
582 1984
583 1985
584 1920
585 1921
586 1859
587 1987
588 1923
589 1858
590 1922
591 1986
592 1792
593 1793
594 1794
595 1795
596 1605
597 1607
598 1606
599 1733
600 1735
601 1734
602 1669
603 1670
604 1671
605 1861
606 1863
607 1862
608 1989
609 1991
610 1990
611 1925
612 1926
613 1927
614 1797
615 1798
616 1799
617 1604
618 1668
619 1732
620 1796
621 1860
622 1924
623 1988
624 1536
625 1537
626 1538
627 1539
628 1540
629 1541
630 1542
631 1543
632 1097
633 1099
634 1098
635 1225
636 1227
637 1226
638 1161
639 1162
640 1163
641 1101
642 1103
643 1102
644 1229
645 1231
646 1230
647 1165
648 1166
649 1167
650 1100
651 1164
652 1228
653 1353
654 1355
655 1354
656 1481
657 1483
658 1482
659 1417
660 1418
661 1419
662 1357
663 1359
664 1358
665 1485
666 1487
667 1486
668 1421
669 1422
670 1423
671 1356
672 1420
673 1484
674 1289
675 1290
676 1291
677 1292
678 1293
679 1294
680 1295
681 1609
682 1611
683 1610
684 1737
685 1739
686 1738
687 1673
688 1674
689 1675
690 1613
691 1615
692 1614
693 1741
694 1743
695 1742
696 1677
697 1678
698 1679
699 1612
700 1676
701 1740
702 1865
703 1867
704 1866
705 1993
706 1995
707 1994
708 1929
709 1930
710 1931
711 1869
712 1871
713 1870
714 1997
715 1999
716 1998
717 1933
718 1934
719 1935
720 1868
721 1932
722 1996
723 1801
724 1802
725 1803
726 1804
727 1805
728 1806
729 1807
730 1545
731 1546
732 1547
733 1548
734 1549
735 1550
736 1551
737 1096
738 1160
739 1224
740 1288
741 1352
742 1416
743 1480
744 1544
745 1608
746 1672
747 1736
748 1800
749 1864
750 1928
751 1992
752 1105
753 1107
754 1106
755 1233
756 1235
757 1234
758 1169
759 1170
760 1171
761 1109
762 1111
763 1110
764 1237
765 1239
766 1238
767 1173
768 1174
769 1175
770 1108
771 1172
772 1236
773 1361
774 1363
775 1362
776 1489
777 1491
778 1490
779 1425
780 1426
781 1427
782 1365
783 1367
784 1366
785 1493
786 1495
787 1494
788 1429
789 1430
790 1431
791 1364
792 1428
793 1492
794 1297
795 1298
796 1299
797 1300
798 1301
799 1302
800 1303
801 1113
802 1115
803 1114
804 1241
805 1243
806 1242
807 1177
808 1178
809 1179
810 1117
811 1119
812 1118
813 1245
814 1247
815 1246
816 1181
817 1182
818 1183
819 1116
820 1180
821 1244
822 1369
823 1371
824 1370
825 1497
826 1499
827 1498
828 1433
829 1434
830 1435
831 1373
832 1375
833 1374
834 1501
835 1503
836 1502
837 1437
838 1438
839 1439
840 1372
841 1436
842 1500
843 1305
844 1306
845 1307
846 1308
847 1309
848 1310
849 1311
850 1112
851 1176
852 1240
853 1304
854 1368
855 1432
856 1496
857 1617
858 1619
859 1618
860 1745
861 1747
862 1746
863 1681
864 1682
865 1683
866 1621
867 1623
868 1622
869 1749
870 1751
871 1750
872 1685
873 1686
874 1687
875 1620
876 1684
877 1748
878 1873
879 1875
880 1874
881 2001
882 2003
883 2002
884 1937
885 1938
886 1939
887 1877
888 1879
889 1878
890 2005
891 2007
892 2006
893 1941
894 1942
895 1943
896 1876
897 1940
898 2004
899 1809
900 1810
901 1811
902 1812
903 1813
904 1814
905 1815
906 1625
907 1627
908 1626
909 1753
910 1755
911 1754
912 1689
913 1690
914 1691
915 1629
916 1631
917 1630
918 1757
919 1759
920 1758
921 1693
922 1694
923 1695
924 1628
925 1692
926 1756
927 1881
928 1883
929 1882
930 2009
931 2011
932 2010
933 1945
934 1946
935 1947
936 1885
937 1887
938 1886
939 2013
940 2015
941 2014
942 1949
943 1950
944 1951
945 1884
946 1948
947 2012
948 1817
949 1818
950 1819
951 1820
952 1821
953 1822
954 1823
955 1624
956 1688
957 1752
958 1816
959 1880
960 1944
961 2008
962 1553
963 1554
964 1555
965 1556
966 1557
967 1558
968 1559
969 1560
970 1561
971 1562
972 1563
973 1564
974 1565
975 1566
976 1567
977 1104
978 1168
979 1232
980 1296
981 1360
982 1424
983 1488
984 1552
985 1616
986 1680
987 1744
988 1808
989 1872
990 1936
991 2000
992 1024
993 1025
994 1026
995 1027
996 1028
997 1029
998 1030
999 1031
1000 1032
1001 1033
1002 1034
1003 1035
1004 1036
1005 1037
1006 1038
1007 1039
1008 1040
1009 1041
1010 1042
1011 1043
1012 1044
1013 1045
1014 1046
1015 1047
1016 1048
1017 1049
1018 1050
1019 1051
1020 1052
1021 1053
1022 1054
1023 1055
1024 33
1025 97
1026 35
1027 99
1028 34
1029 98
1030 225
1031 227
1032 226
1033 161
1034 162
1035 163
1036 37
1037 101
1038 39
1039 103
1040 38
1041 102
1042 229
1043 231
1044 230
1045 165
1046 166
1047 167
1048 36
1049 100
1050 164
1051 228
1052 353
1053 355
1054 354
1055 481
1056 483
1057 482
1058 417
1059 418
1060 419
1061 357
1062 359
1063 358
1064 485
1065 487
1066 486
1067 421
1068 422
1069 423
1070 356
1071 420
1072 484
1073 289
1074 290
1075 291
1076 292
1077 293
1078 294
1079 295
1080 41
1081 105
1082 43
1083 107
1084 42
1085 106
1086 233
1087 235
1088 234
1089 169
1090 170
1091 171
1092 45
1093 109
1094 47
1095 111
1096 46
1097 110
1098 237
1099 239
1100 238
1101 173
1102 174
1103 175
1104 44
1105 108
1106 172
1107 236
1108 361
1109 363
1110 362
1111 489
1112 491
1113 490
1114 425
1115 426
1116 427
1117 365
1118 367
1119 366
1120 493
1121 495
1122 494
1123 429
1124 430
1125 431
1126 364
1127 428
1128 492
1129 297
1130 298
1131 299
1132 300
1133 301
1134 302
1135 303
1136 40
1137 104
1138 168
1139 232
1140 296
1141 360
1142 424
1143 488
1144 609
1145 611
1146 610
1147 737
1148 739
1149 738
1150 673
1151 674
1152 675
1153 613
1154 615
1155 614
1156 741
1157 743
1158 742
1159 677
1160 678
1161 679
1162 612
1163 676
1164 740
1165 865
1166 867
1167 866
1168 993
1169 995
1170 994
1171 929
1172 930
1173 931
1174 869
1175 871
1176 870
1177 997
1178 999
1179 998
1180 933
1181 934
1182 935
1183 868
1184 932
1185 996
1186 801
1187 802
1188 803
1189 804
1190 805
1191 806
1192 807
1193 617
1194 619
1195 618
1196 745
1197 747
1198 746
1199 681
1200 682
1201 683
1202 621
1203 623
1204 622
1205 749
1206 751
1207 750
1208 685
1209 686
1210 687
1211 620
1212 684
1213 748
1214 873
1215 875
1216 874
1217 1001
1218 1003
1219 1002
1220 937
1221 938
1222 939
1223 877
1224 879
1225 878
1226 1005
1227 1007
1228 1006
1229 941
1230 942
1231 943
1232 876
1233 940
1234 1004
1235 809
1236 810
1237 811
1238 812
1239 813
1240 814
1241 815
1242 616
1243 680
1244 744
1245 808
1246 872
1247 936
1248 1000
1249 545
1250 546
1251 547
1252 548
1253 549
1254 550
1255 551
1256 552
1257 553
1258 554
1259 555
1260 556
1261 557
1262 558
1263 559
1264 49
1265 113
1266 51
1267 115
1268 50
1269 114
1270 241
1271 243
1272 242
1273 177
1274 178
1275 179
1276 53
1277 117
1278 55
1279 119
1280 54
1281 118
1282 245
1283 247
1284 246
1285 181
1286 182
1287 183
1288 52
1289 116
1290 180
1291 244
1292 369
1293 371
1294 370
1295 497
1296 499
1297 498
1298 433
1299 434
1300 435
1301 373
1302 375
1303 374
1304 501
1305 503
1306 502
1307 437
1308 438
1309 439
1310 372
1311 436
1312 500
1313 305
1314 306
1315 307
1316 308
1317 309
1318 310
1319 311
1320 57
1321 121
1322 59
1323 123
1324 58
1325 122
1326 249
1327 251
1328 250
1329 185
1330 186
1331 187
1332 61
1333 125
1334 63
1335 127
1336 62
1337 126
1338 253
1339 255
1340 254
1341 189
1342 190
1343 191
1344 60
1345 124
1346 188
1347 252
1348 377
1349 379
1350 378
1351 505
1352 507
1353 506
1354 441
1355 442
1356 443
1357 381
1358 383
1359 382
1360 509
1361 511
1362 510
1363 445
1364 446
1365 447
1366 380
1367 444
1368 508
1369 313
1370 314
1371 315
1372 316
1373 317
1374 318
1375 319
1376 56
1377 120
1378 184
1379 248
1380 312
1381 376
1382 440
1383 504
1384 625
1385 627
1386 626
1387 753
1388 755
1389 754
1390 689
1391 690
1392 691
1393 629
1394 631
1395 630
1396 757
1397 759
1398 758
1399 693
1400 694
1401 695
1402 628
1403 692
1404 756
1405 881
1406 883
1407 882
1408 1009
1409 1011
1410 1010
1411 945
1412 946
1413 947
1414 885
1415 887
1416 886
1417 1013
1418 1015
1419 1014
1420 949
1421 950
1422 951
1423 884
1424 948
1425 1012
1426 817
1427 818
1428 819
1429 820
1430 821
1431 822
1432 823
1433 633
1434 635
1435 634
1436 761
1437 763
1438 762
1439 697
1440 698
1441 699
1442 637
1443 639
1444 638
1445 765
1446 767
1447 766
1448 701
1449 702
1450 703
1451 636
1452 700
1453 764
1454 889
1455 891
1456 890
1457 1017
1458 1019
1459 1018
1460 953
1461 954
1462 955
1463 893
1464 895
1465 894
1466 1021
1467 1023
1468 1022
1469 957
1470 958
1471 959
1472 892
1473 956
1474 1020
1475 825
1476 826
1477 827
1478 828
1479 829
1480 830
1481 831
1482 632
1483 696
1484 760
1485 824
1486 888
1487 952
1488 1016
1489 561
1490 562
1491 563
1492 564
1493 565
1494 566
1495 567
1496 568
1497 569
1498 570
1499 571
1500 572
1501 573
1502 574
1503 575
1504 48
1505 112
1506 176
1507 240
1508 304
1509 368
1510 432
1511 496
1512 560
1513 624
1514 688
1515 752
1516 816
1517 880
1518 944
1519 1008
1520 1121
1521 1123
1522 1122
1523 1249
1524 1251
1525 1250
1526 1185
1527 1186
1528 1187
1529 1125
1530 1127
1531 1126
1532 1253
1533 1255
1534 1254
1535 1189
1536 1190
1537 1191
1538 1124
1539 1188
1540 1252
1541 1377
1542 1379
1543 1378
1544 1505
1545 1507
1546 1506
1547 1441
1548 1442
1549 1443
1550 1381
1551 1383
1552 1382
1553 1509
1554 1511
1555 1510
1556 1445
1557 1446
1558 1447
1559 1380
1560 1444
1561 1508
1562 1313
1563 1314
1564 1315
1565 1316
1566 1317
1567 1318
1568 1319
1569 1129
1570 1131
1571 1130
1572 1257
1573 1259
1574 1258
1575 1193
1576 1194
1577 1195
1578 1133
1579 1135
1580 1134
1581 1261
1582 1263
1583 1262
1584 1197
1585 1198
1586 1199
1587 1132
1588 1196
1589 1260
1590 1385
1591 1387
1592 1386
1593 1513
1594 1515
1595 1514
1596 1449
1597 1450
1598 1451
1599 1389
1600 1391
1601 1390
1602 1517
1603 1519
1604 1518
1605 1453
1606 1454
1607 1455
1608 1388
1609 1452
1610 1516
1611 1321
1612 1322
1613 1323
1614 1324
1615 1325
1616 1326
1617 1327
1618 1128
1619 1192
1620 1256
1621 1320
1622 1384
1623 1448
1624 1512
1625 1633
1626 1635
1627 1634
1628 1761
1629 1763
1630 1762
1631 1697
1632 1698
1633 1699
1634 1637
1635 1639
1636 1638
1637 1765
1638 1767
1639 1766
1640 1701
1641 1702
1642 1703
1643 1636
1644 1700
1645 1764
1646 1889
1647 1891
1648 1890
1649 2017
1650 2019
1651 2018
1652 1953
1653 1954
1654 1955
1655 1893
1656 1895
1657 1894
1658 2021
1659 2023
1660 2022
1661 1957
1662 1958
1663 1959
1664 1892
1665 1956
1666 2020
1667 1825
1668 1826
1669 1827
1670 1828
1671 1829
1672 1830
1673 1831
1674 1641
1675 1643
1676 1642
1677 1769
1678 1771
1679 1770
1680 1705
1681 1706
1682 1707
1683 1645
1684 1647
1685 1646
1686 1773
1687 1775
1688 1774
1689 1709
1690 1710
1691 1711
1692 1644
1693 1708
1694 1772
1695 1897
1696 1899
1697 1898
1698 2025
1699 2027
1700 2026
1701 1961
1702 1962
1703 1963
1704 1901
1705 1903
1706 1902
1707 2029
1708 2031
1709 2030
1710 1965
1711 1966
1712 1967
1713 1900
1714 1964
1715 2028
1716 1833
1717 1834
1718 1835
1719 1836
1720 1837
1721 1838
1722 1839
1723 1640
1724 1704
1725 1768
1726 1832
1727 1896
1728 1960
1729 2024
1730 1569
1731 1570
1732 1571
1733 1572
1734 1573
1735 1574
1736 1575
1737 1576
1738 1577
1739 1578
1740 1579
1741 1580
1742 1581
1743 1582
1744 1583
1745 1137
1746 1139
1747 1138
1748 1265
1749 1267
1750 1266
1751 1201
1752 1202
1753 1203
1754 1141
1755 1143
1756 1142
1757 1269
1758 1271
1759 1270
1760 1205
1761 1206
1762 1207
1763 1140
1764 1204
1765 1268
1766 1393
1767 1395
1768 1394
1769 1521
1770 1523
1771 1522
1772 1457
1773 1458
1774 1459
1775 1397
1776 1399
1777 1398
1778 1525
1779 1527
1780 1526
1781 1461
1782 1462
1783 1463
1784 1396
1785 1460
1786 1524
1787 1329
1788 1330
1789 1331
1790 1332
1791 1333
1792 1334
1793 1335
1794 1145
1795 1147
1796 1146
1797 1273
1798 1275
1799 1274
1800 1209
1801 1210
1802 1211
1803 1149
1804 1151
1805 1150
1806 1277
1807 1279
1808 1278
1809 1213
1810 1214
1811 1215
1812 1148
1813 1212
1814 1276
1815 1401
1816 1403
1817 1402
1818 1529
1819 1531
1820 1530
1821 1465
1822 1466
1823 1467
1824 1405
1825 1407
1826 1406
1827 1533
1828 1535
1829 1534
1830 1469
1831 1470
1832 1471
1833 1404
1834 1468
1835 1532
1836 1337
1837 1338
1838 1339
1839 1340
1840 1341
1841 1342
1842 1343
1843 1144
1844 1208
1845 1272
1846 1336
1847 1400
1848 1464
1849 1528
1850 1649
1851 1651
1852 1650
1853 1777
1854 1779
1855 1778
1856 1713
1857 1714
1858 1715
1859 1653
1860 1655
1861 1654
1862 1781
1863 1783
1864 1782
1865 1717
1866 1718
1867 1719
1868 1652
1869 1716
1870 1780
1871 1905
1872 1907
1873 1906
1874 2033
1875 2035
1876 2034
1877 1969
1878 1970
1879 1971
1880 1909
1881 1911
1882 1910
1883 2037
1884 2039
1885 2038
1886 1973
1887 1974
1888 1975
1889 1908
1890 1972
1891 2036
1892 1841
1893 1842
1894 1843
1895 1844
1896 1845
1897 1846
1898 1847
1899 1657
1900 1659
1901 1658
1902 1785
1903 1787
1904 1786
1905 1721
1906 1722
1907 1723
1908 1661
1909 1663
1910 1662
1911 1789
1912 1791
1913 1790
1914 1725
1915 1726
1916 1727
1917 1660
1918 1724
1919 1788
1920 1913
1921 1915
1922 1914
1923 2041
1924 2043
1925 2042
1926 1977
1927 1978
1928 1979
1929 1917
1930 1919
1931 1918
1932 2045
1933 2047
1934 2046
1935 1981
1936 1982
1937 1983
1938 1916
1939 1980
1940 2044
1941 1849
1942 1850
1943 1851
1944 1852
1945 1853
1946 1854
1947 1855
1948 1656
1949 1720
1950 1784
1951 1848
1952 1912
1953 1976
1954 2040
1955 1585
1956 1586
1957 1587
1958 1588
1959 1589
1960 1590
1961 1591
1962 1592
1963 1593
1964 1594
1965 1595
1966 1596
1967 1597
1968 1598
1969 1599
1970 1136
1971 1200
1972 1264
1973 1328
1974 1392
1975 1456
1976 1520
1977 1584
1978 1648
1979 1712
1980 1776
1981 1840
1982 1904
1983 1968
1984 2032
1985 1057
1986 1058
1987 1059
1988 1060
1989 1061
1990 1062
1991 1063
1992 1064
1993 1065
1994 1066
1995 1067
1996 1068
1997 1069
1998 1070
1999 1071
2000 1072
2001 1073
2002 1074
2003 1075
2004 1076
2005 1077
2006 1078
2007 1079
2008 1080
2009 1081
2010 1082
2011 1083
2012 1084
2013 1085
2014 1086
2015 1087
2016 32
2017 96
2018 160
2019 224
2020 288
2021 352
2022 416
2023 480
2024 544
2025 608
2026 672
2027 736
2028 800
2029 864
2030 928
2031 992
2032 1056
2033 1120
2034 1184
2035 1248
2036 1312
2037 1376
2038 1440
2039 1504
2040 1568
2041 1632
2042 1696
2043 1760
2044 1824
2045 1888
2046 1952
2047 2016
2048 2112
2049 2113
2050 2240
2051 2241
2052 2176
2053 2177
2054 2115
2055 2243
2056 2179
2057 2114
2058 2178
2059 2242
2060 2368
2061 2369
2062 2496
2063 2497
2064 2432
2065 2433
2066 2371
2067 2499
2068 2435
2069 2370
2070 2434
2071 2498
2072 2304
2073 2305
2074 2306
2075 2307
2076 2117
2077 2119
2078 2118
2079 2245
2080 2247
2081 2246
2082 2181
2083 2182
2084 2183
2085 2373
2086 2375
2087 2374
2088 2501
2089 2503
2090 2502
2091 2437
2092 2438
2093 2439
2094 2309
2095 2310
2096 2311
2097 2116
2098 2180
2099 2244
2100 2308
2101 2372
2102 2436
2103 2500
2104 2624
2105 2625
2106 2752
2107 2753
2108 2688
2109 2689
2110 2627
2111 2755
2112 2691
2113 2626
2114 2690
2115 2754
2116 2880
2117 2881
2118 3008
2119 3009
2120 2944
2121 2945
2122 2883
2123 3011
2124 2947
2125 2882
2126 2946
2127 3010
2128 2816
2129 2817
2130 2818
2131 2819
2132 2629
2133 2631
2134 2630
2135 2757
2136 2759
2137 2758
2138 2693
2139 2694
2140 2695
2141 2885
2142 2887
2143 2886
2144 3013
2145 3015
2146 3014
2147 2949
2148 2950
2149 2951
2150 2821
2151 2822
2152 2823
2153 2628
2154 2692
2155 2756
2156 2820
2157 2884
2158 2948
2159 3012
2160 2560
2161 2561
2162 2562
2163 2563
2164 2564
2165 2565
2166 2566
2167 2567
2168 2121
2169 2123
2170 2122
2171 2249
2172 2251
2173 2250
2174 2185
2175 2186
2176 2187
2177 2125
2178 2127
2179 2126
2180 2253
2181 2255
2182 2254
2183 2189
2184 2190
2185 2191
2186 2124
2187 2188
2188 2252
2189 2377
2190 2379
2191 2378
2192 2505
2193 2507
2194 2506
2195 2441
2196 2442
2197 2443
2198 2381
2199 2383
2200 2382
2201 2509
2202 2511
2203 2510
2204 2445
2205 2446
2206 2447
2207 2380
2208 2444
2209 2508
2210 2313
2211 2314
2212 2315
2213 2316
2214 2317
2215 2318
2216 2319
2217 2633
2218 2635
2219 2634
2220 2761
2221 2763
2222 2762
2223 2697
2224 2698
2225 2699
2226 2637
2227 2639
2228 2638
2229 2765
2230 2767
2231 2766
2232 2701
2233 2702
2234 2703
2235 2636
2236 2700
2237 2764
2238 2889
2239 2891
2240 2890
2241 3017
2242 3019
2243 3018
2244 2953
2245 2954
2246 2955
2247 2893
2248 2895
2249 2894
2250 3021
2251 3023
2252 3022
2253 2957
2254 2958
2255 2959
2256 2892
2257 2956
2258 3020
2259 2825
2260 2826
2261 2827
2262 2828
2263 2829
2264 2830
2265 2831
2266 2569
2267 2570
2268 2571
2269 2572
2270 2573
2271 2574
2272 2575
2273 2120
2274 2184
2275 2248
2276 2312
2277 2376
2278 2440
2279 2504
2280 2568
2281 2632
2282 2696
2283 2760
2284 2824
2285 2888
2286 2952
2287 3016
2288 3136
2289 3137
2290 3264
2291 3265
2292 3200
2293 3201
2294 3139
2295 3267
2296 3203
2297 3138
2298 3202
2299 3266
2300 3392
2301 3393
2302 3520
2303 3521
2304 3456
2305 3457
2306 3395
2307 3523
2308 3459
2309 3394
2310 3458
2311 3522
2312 3328
2313 3329
2314 3330
2315 3331
2316 3141
2317 3143
2318 3142
2319 3269
2320 3271
2321 3270
2322 3205
2323 3206
2324 3207
2325 3397
2326 3399
2327 3398
2328 3525
2329 3527
2330 3526
2331 3461
2332 3462
2333 3463
2334 3333
2335 3334
2336 3335
2337 3140
2338 3204
2339 3268
2340 3332
2341 3396
2342 3460
2343 3524
2344 3648
2345 3649
2346 3776
2347 3777
2348 3712
2349 3713
2350 3651
2351 3779
2352 3715
2353 3650
2354 3714
2355 3778
2356 3904
2357 3905
2358 4032
2359 4033
2360 3968
2361 3969
2362 3907
2363 4035
2364 3971
2365 3906
2366 3970
2367 4034
2368 3840
2369 3841
2370 3842
2371 3843
2372 3653
2373 3655
2374 3654
2375 3781
2376 3783
2377 3782
2378 3717
2379 3718
2380 3719
2381 3909
2382 3911
2383 3910
2384 4037
2385 4039
2386 4038
2387 3973
2388 3974
2389 3975
2390 3845
2391 3846
2392 3847
2393 3652
2394 3716
2395 3780
2396 3844
2397 3908
2398 3972
2399 4036
2400 3584
2401 3585
2402 3586
2403 3587
2404 3588
2405 3589
2406 3590
2407 3591
2408 3145
2409 3147
2410 3146
2411 3273
2412 3275
2413 3274
2414 3209
2415 3210
2416 3211
2417 3149
2418 3151
2419 3150
2420 3277
2421 3279
2422 3278
2423 3213
2424 3214
2425 3215
2426 3148
2427 3212
2428 3276
2429 3401
2430 3403
2431 3402
2432 3529
2433 3531
2434 3530
2435 3465
2436 3466
2437 3467
2438 3405
2439 3407
2440 3406
2441 3533
2442 3535
2443 3534
2444 3469
2445 3470
2446 3471
2447 3404
2448 3468
2449 3532
2450 3337
2451 3338
2452 3339
2453 3340
2454 3341
2455 3342
2456 3343
2457 3657
2458 3659
2459 3658
2460 3785
2461 3787
2462 3786
2463 3721
2464 3722
2465 3723
2466 3661
2467 3663
2468 3662
2469 3789
2470 3791
2471 3790
2472 3725
2473 3726
2474 3727
2475 3660
2476 3724
2477 3788
2478 3913
2479 3915
2480 3914
2481 4041
2482 4043
2483 4042
2484 3977
2485 3978
2486 3979
2487 3917
2488 3919
2489 3918
2490 4045
2491 4047
2492 4046
2493 3981
2494 3982
2495 3983
2496 3916
2497 3980
2498 4044
2499 3849
2500 3850
2501 3851
2502 3852
2503 3853
2504 3854
2505 3855
2506 3593
2507 3594
2508 3595
2509 3596
2510 3597
2511 3598
2512 3599
2513 3144
2514 3208
2515 3272
2516 3336
2517 3400
2518 3464
2519 3528
2520 3592
2521 3656
2522 3720
2523 3784
2524 3848
2525 3912
2526 3976
2527 4040
2528 3072
2529 3073
2530 3074
2531 3075
2532 3076
2533 3077
2534 3078
2535 3079
2536 3080
2537 3081
2538 3082
2539 3083
2540 3084
2541 3085
2542 3086
2543 3087
2544 2129
2545 2131
2546 2130
2547 2257
2548 2259
2549 2258
2550 2193
2551 2194
2552 2195
2553 2133
2554 2135
2555 2134
2556 2261
2557 2263
2558 2262
2559 2197
2560 2198
2561 2199
2562 2132
2563 2196
2564 2260
2565 2385
2566 2387
2567 2386
2568 2513
2569 2515
2570 2514
2571 2449
2572 2450
2573 2451
2574 2389
2575 2391
2576 2390
2577 2517
2578 2519
2579 2518
2580 2453
2581 2454
2582 2455
2583 2388
2584 2452
2585 2516
2586 2321
2587 2322
2588 2323
2589 2324
2590 2325
2591 2326
2592 2327
2593 2137
2594 2139
2595 2138
2596 2265
2597 2267
2598 2266
2599 2201
2600 2202
2601 2203
2602 2141
2603 2143
2604 2142
2605 2269
2606 2271
2607 2270
2608 2205
2609 2206
2610 2207
2611 2140
2612 2204
2613 2268
2614 2393
2615 2395
2616 2394
2617 2521
2618 2523
2619 2522
2620 2457
2621 2458
2622 2459
2623 2397
2624 2399
2625 2398
2626 2525
2627 2527
2628 2526
2629 2461
2630 2462
2631 2463
2632 2396
2633 2460
2634 2524
2635 2329
2636 2330
2637 2331
2638 2332
2639 2333
2640 2334
2641 2335
2642 2136
2643 2200
2644 2264
2645 2328
2646 2392
2647 2456
2648 2520
2649 2641
2650 2643
2651 2642
2652 2769
2653 2771
2654 2770
2655 2705
2656 2706
2657 2707
2658 2645
2659 2647
2660 2646
2661 2773
2662 2775
2663 2774
2664 2709
2665 2710
2666 2711
2667 2644
2668 2708
2669 2772
2670 2897
2671 2899
2672 2898
2673 3025
2674 3027
2675 3026
2676 2961
2677 2962
2678 2963
2679 2901
2680 2903
2681 2902
2682 3029
2683 3031
2684 3030
2685 2965
2686 2966
2687 2967
2688 2900
2689 2964
2690 3028
2691 2833
2692 2834
2693 2835
2694 2836
2695 2837
2696 2838
2697 2839
2698 2649
2699 2651
2700 2650
2701 2777
2702 2779
2703 2778
2704 2713
2705 2714
2706 2715
2707 2653
2708 2655
2709 2654
2710 2781
2711 2783
2712 2782
2713 2717
2714 2718
2715 2719
2716 2652
2717 2716
2718 2780
2719 2905
2720 2907
2721 2906
2722 3033
2723 3035
2724 3034
2725 2969
2726 2970
2727 2971
2728 2909
2729 2911
2730 2910
2731 3037
2732 3039
2733 3038
2734 2973
2735 2974
2736 2975
2737 2908
2738 2972
2739 3036
2740 2841
2741 2842
2742 2843
2743 2844
2744 2845
2745 2846
2746 2847
2747 2648
2748 2712
2749 2776
2750 2840
2751 2904
2752 2968
2753 3032
2754 2577
2755 2578
2756 2579
2757 2580
2758 2581
2759 2582
2760 2583
2761 2584
2762 2585
2763 2586
2764 2587
2765 2588
2766 2589
2767 2590
2768 2591
2769 3153
2770 3155
2771 3154
2772 3281
2773 3283
2774 3282
2775 3217
2776 3218
2777 3219
2778 3157
2779 3159
2780 3158
2781 3285
2782 3287
2783 3286
2784 3221
2785 3222
2786 3223
2787 3156
2788 3220
2789 3284
2790 3409
2791 3411
2792 3410
2793 3537
2794 3539
2795 3538
2796 3473
2797 3474
2798 3475
2799 3413
2800 3415
2801 3414
2802 3541
2803 3543
2804 3542
2805 3477
2806 3478
2807 3479
2808 3412
2809 3476
2810 3540
2811 3345
2812 3346
2813 3347
2814 3348
2815 3349
2816 3350
2817 3351
2818 3161
2819 3163
2820 3162
2821 3289
2822 3291
2823 3290
2824 3225
2825 3226
2826 3227
2827 3165
2828 3167
2829 3166
2830 3293
2831 3295
2832 3294
2833 3229
2834 3230
2835 3231
2836 3164
2837 3228
2838 3292
2839 3417
2840 3419
2841 3418
2842 3545
2843 3547
2844 3546
2845 3481
2846 3482
2847 3483
2848 3421
2849 3423
2850 3422
2851 3549
2852 3551
2853 3550
2854 3485
2855 3486
2856 3487
2857 3420
2858 3484
2859 3548
2860 3353
2861 3354
2862 3355
2863 3356
2864 3357
2865 3358
2866 3359
2867 3160
2868 3224
2869 3288
2870 3352
2871 3416
2872 3480
2873 3544
2874 3665
2875 3667
2876 3666
2877 3793
2878 3795
2879 3794
2880 3729
2881 3730
2882 3731
2883 3669
2884 3671
2885 3670
2886 3797
2887 3799
2888 3798
2889 3733
2890 3734
2891 3735
2892 3668
2893 3732
2894 3796
2895 3921
2896 3923
2897 3922
2898 4049
2899 4051
2900 4050
2901 3985
2902 3986
2903 3987
2904 3925
2905 3927
2906 3926
2907 4053
2908 4055
2909 4054
2910 3989
2911 3990
2912 3991
2913 3924
2914 3988
2915 4052
2916 3857
2917 3858
2918 3859
2919 3860
2920 3861
2921 3862
2922 3863
2923 3673
2924 3675
2925 3674
2926 3801
2927 3803
2928 3802
2929 3737
2930 3738
2931 3739
2932 3677
2933 3679
2934 3678
2935 3805
2936 3807
2937 3806
2938 3741
2939 3742
2940 3743
2941 3676
2942 3740
2943 3804
2944 3929
2945 3931
2946 3930
2947 4057
2948 4059
2949 4058
2950 3993
2951 3994
2952 3995
2953 3933
2954 3935
2955 3934
2956 4061
2957 4063
2958 4062
2959 3997
2960 3998
2961 3999
2962 3932
2963 3996
2964 4060
2965 3865
2966 3866
2967 3867
2968 3868
2969 3869
2970 3870
2971 3871
2972 3672
2973 3736
2974 3800
2975 3864
2976 3928
2977 3992
2978 4056
2979 3601
2980 3602
2981 3603
2982 3604
2983 3605
2984 3606
2985 3607
2986 3608
2987 3609
2988 3610
2989 3611
2990 3612
2991 3613
2992 3614
2993 3615
2994 3089
2995 3090
2996 3091
2997 3092
2998 3093
2999 3094
3000 3095
3001 3096
3002 3097
3003 3098
3004 3099
3005 3100
3006 3101
3007 3102
3008 3103
3009 2128
3010 2192
3011 2256
3012 2320
3013 2384
3014 2448
3015 2512
3016 2576
3017 2640
3018 2704
3019 2768
3020 2832
3021 2896
3022 2960
3023 3024
3024 3088
3025 3152
3026 3216
3027 3280
3028 3344
3029 3408
3030 3472
3031 3536
3032 3600
3033 3664
3034 3728
3035 3792
3036 3856
3037 3920
3038 3984
3039 4048
3040 2145
3041 2147
3042 2146
3043 2273
3044 2275
3045 2274
3046 2209
3047 2210
3048 2211
3049 2149
3050 2151
3051 2150
3052 2277
3053 2279
3054 2278
3055 2213
3056 2214
3057 2215
3058 2148
3059 2212
3060 2276
3061 2401
3062 2403
3063 2402
3064 2529
3065 2531
3066 2530
3067 2465
3068 2466
3069 2467
3070 2405
3071 2407
3072 2406
3073 2533
3074 2535
3075 2534
3076 2469
3077 2470
3078 2471
3079 2404
3080 2468
3081 2532
3082 2337
3083 2338
3084 2339
3085 2340
3086 2341
3087 2342
3088 2343
3089 2153
3090 2155
3091 2154
3092 2281
3093 2283
3094 2282
3095 2217
3096 2218
3097 2219
3098 2157
3099 2159
3100 2158
3101 2285
3102 2287
3103 2286
3104 2221
3105 2222
3106 2223
3107 2156
3108 2220
3109 2284
3110 2409
3111 2411
3112 2410
3113 2537
3114 2539
3115 2538
3116 2473
3117 2474
3118 2475
3119 2413
3120 2415
3121 2414
3122 2541
3123 2543
3124 2542
3125 2477
3126 2478
3127 2479
3128 2412
3129 2476
3130 2540
3131 2345
3132 2346
3133 2347
3134 2348
3135 2349
3136 2350
3137 2351
3138 2152
3139 2216
3140 2280
3141 2344
3142 2408
3143 2472
3144 2536
3145 2657
3146 2659
3147 2658
3148 2785
3149 2787
3150 2786
3151 2721
3152 2722
3153 2723
3154 2661
3155 2663
3156 2662
3157 2789
3158 2791
3159 2790
3160 2725
3161 2726
3162 2727
3163 2660
3164 2724
3165 2788
3166 2913
3167 2915
3168 2914
3169 3041
3170 3043
3171 3042
3172 2977
3173 2978
3174 2979
3175 2917
3176 2919
3177 2918
3178 3045
3179 3047
3180 3046
3181 2981
3182 2982
3183 2983
3184 2916
3185 2980
3186 3044
3187 2849
3188 2850
3189 2851
3190 2852
3191 2853
3192 2854
3193 2855
3194 2665
3195 2667
3196 2666
3197 2793
3198 2795
3199 2794
3200 2729
3201 2730
3202 2731
3203 2669
3204 2671
3205 2670
3206 2797
3207 2799
3208 2798
3209 2733
3210 2734
3211 2735
3212 2668
3213 2732
3214 2796
3215 2921
3216 2923
3217 2922
3218 3049
3219 3051
3220 3050
3221 2985
3222 2986
3223 2987
3224 2925
3225 2927
3226 2926
3227 3053
3228 3055
3229 3054
3230 2989
3231 2990
3232 2991
3233 2924
3234 2988
3235 3052
3236 2857
3237 2858
3238 2859
3239 2860
3240 2861
3241 2862
3242 2863
3243 2664
3244 2728
3245 2792
3246 2856
3247 2920
3248 2984
3249 3048
3250 2593
3251 2594
3252 2595
3253 2596
3254 2597
3255 2598
3256 2599
3257 2600
3258 2601
3259 2602
3260 2603
3261 2604
3262 2605
3263 2606
3264 2607
3265 2161
3266 2163
3267 2162
3268 2289
3269 2291
3270 2290
3271 2225
3272 2226
3273 2227
3274 2165
3275 2167
3276 2166
3277 2293
3278 2295
3279 2294
3280 2229
3281 2230
3282 2231
3283 2164
3284 2228
3285 2292
3286 2417
3287 2419
3288 2418
3289 2545
3290 2547
3291 2546
3292 2481
3293 2482
3294 2483
3295 2421
3296 2423
3297 2422
3298 2549
3299 2551
3300 2550
3301 2485
3302 2486
3303 2487
3304 2420
3305 2484
3306 2548
3307 2353
3308 2354
3309 2355
3310 2356
3311 2357
3312 2358
3313 2359
3314 2169
3315 2171
3316 2170
3317 2297
3318 2299
3319 2298
3320 2233
3321 2234
3322 2235
3323 2173
3324 2175
3325 2174
3326 2301
3327 2303
3328 2302
3329 2237
3330 2238
3331 2239
3332 2172
3333 2236
3334 2300
3335 2425
3336 2427
3337 2426
3338 2553
3339 2555
3340 2554
3341 2489
3342 2490
3343 2491
3344 2429
3345 2431
3346 2430
3347 2557
3348 2559
3349 2558
3350 2493
3351 2494
3352 2495
3353 2428
3354 2492
3355 2556
3356 2361
3357 2362
3358 2363
3359 2364
3360 2365
3361 2366
3362 2367
3363 2168
3364 2232
3365 2296
3366 2360
3367 2424
3368 2488
3369 2552
3370 2673
3371 2675
3372 2674
3373 2801
3374 2803
3375 2802
3376 2737
3377 2738
3378 2739
3379 2677
3380 2679
3381 2678
3382 2805
3383 2807
3384 2806
3385 2741
3386 2742
3387 2743
3388 2676
3389 2740
3390 2804
3391 2929
3392 2931
3393 2930
3394 3057
3395 3059
3396 3058
3397 2993
3398 2994
3399 2995
3400 2933
3401 2935
3402 2934
3403 3061
3404 3063
3405 3062
3406 2997
3407 2998
3408 2999
3409 2932
3410 2996
3411 3060
3412 2865
3413 2866
3414 2867
3415 2868
3416 2869
3417 2870
3418 2871
3419 2681
3420 2683
3421 2682
3422 2809
3423 2811
3424 2810
3425 2745
3426 2746
3427 2747
3428 2685
3429 2687
3430 2686
3431 2813
3432 2815
3433 2814
3434 2749
3435 2750
3436 2751
3437 2684
3438 2748
3439 2812
3440 2937
3441 2939
3442 2938
3443 3065
3444 3067
3445 3066
3446 3001
3447 3002
3448 3003
3449 2941
3450 2943
3451 2942
3452 3069
3453 3071
3454 3070
3455 3005
3456 3006
3457 3007
3458 2940
3459 3004
3460 3068
3461 2873
3462 2874
3463 2875
3464 2876
3465 2877
3466 2878
3467 2879
3468 2680
3469 2744
3470 2808
3471 2872
3472 2936
3473 3000
3474 3064
3475 2609
3476 2610
3477 2611
3478 2612
3479 2613
3480 2614
3481 2615
3482 2616
3483 2617
3484 2618
3485 2619
3486 2620
3487 2621
3488 2622
3489 2623
3490 2160
3491 2224
3492 2288
3493 2352
3494 2416
3495 2480
3496 2544
3497 2608
3498 2672
3499 2736
3500 2800
3501 2864
3502 2928
3503 2992
3504 3056
3505 3169
3506 3171
3507 3170
3508 3297
3509 3299
3510 3298
3511 3233
3512 3234
3513 3235
3514 3173
3515 3175
3516 3174
3517 3301
3518 3303
3519 3302
3520 3237
3521 3238
3522 3239
3523 3172
3524 3236
3525 3300
3526 3425
3527 3427
3528 3426
3529 3553
3530 3555
3531 3554
3532 3489
3533 3490
3534 3491
3535 3429
3536 3431
3537 3430
3538 3557
3539 3559
3540 3558
3541 3493
3542 3494
3543 3495
3544 3428
3545 3492
3546 3556
3547 3361
3548 3362
3549 3363
3550 3364
3551 3365
3552 3366
3553 3367
3554 3177
3555 3179
3556 3178
3557 3305
3558 3307
3559 3306
3560 3241
3561 3242
3562 3243
3563 3181
3564 3183
3565 3182
3566 3309
3567 3311
3568 3310
3569 3245
3570 3246
3571 3247
3572 3180
3573 3244
3574 3308
3575 3433
3576 3435
3577 3434
3578 3561
3579 3563
3580 3562
3581 3497
3582 3498
3583 3499
3584 3437
3585 3439
3586 3438
3587 3565
3588 3567
3589 3566
3590 3501
3591 3502
3592 3503
3593 3436
3594 3500
3595 3564
3596 3369
3597 3370
3598 3371
3599 3372
3600 3373
3601 3374
3602 3375
3603 3176
3604 3240
3605 3304
3606 3368
3607 3432
3608 3496
3609 3560
3610 3681
3611 3683
3612 3682
3613 3809
3614 3811
3615 3810
3616 3745
3617 3746
3618 3747
3619 3685
3620 3687
3621 3686
3622 3813
3623 3815
3624 3814
3625 3749
3626 3750
3627 3751
3628 3684
3629 3748
3630 3812
3631 3937
3632 3939
3633 3938
3634 4065
3635 4067
3636 4066
3637 4001
3638 4002
3639 4003
3640 3941
3641 3943
3642 3942
3643 4069
3644 4071
3645 4070
3646 4005
3647 4006
3648 4007
3649 3940
3650 4004
3651 4068
3652 3873
3653 3874
3654 3875
3655 3876
3656 3877
3657 3878
3658 3879
3659 3689
3660 3691
3661 3690
3662 3817
3663 3819
3664 3818
3665 3753
3666 3754
3667 3755
3668 3693
3669 3695
3670 3694
3671 3821
3672 3823
3673 3822
3674 3757
3675 3758
3676 3759
3677 3692
3678 3756
3679 3820
3680 3945
3681 3947
3682 3946
3683 4073
3684 4075
3685 4074
3686 4009
3687 4010
3688 4011
3689 3949
3690 3951
3691 3950
3692 4077
3693 4079
3694 4078
3695 4013
3696 4014
3697 4015
3698 3948
3699 4012
3700 4076
3701 3881
3702 3882
3703 3883
3704 3884
3705 3885
3706 3886
3707 3887
3708 3688
3709 3752
3710 3816
3711 3880
3712 3944
3713 4008
3714 4072
3715 3617
3716 3618
3717 3619
3718 3620
3719 3621
3720 3622
3721 3623
3722 3624
3723 3625
3724 3626
3725 3627
3726 3628
3727 3629
3728 3630
3729 3631
3730 3185
3731 3187
3732 3186
3733 3313
3734 3315
3735 3314
3736 3249
3737 3250
3738 3251
3739 3189
3740 3191
3741 3190
3742 3317
3743 3319
3744 3318
3745 3253
3746 3254
3747 3255
3748 3188
3749 3252
3750 3316
3751 3441
3752 3443
3753 3442
3754 3569
3755 3571
3756 3570
3757 3505
3758 3506
3759 3507
3760 3445
3761 3447
3762 3446
3763 3573
3764 3575
3765 3574
3766 3509
3767 3510
3768 3511
3769 3444
3770 3508
3771 3572
3772 3377
3773 3378
3774 3379
3775 3380
3776 3381
3777 3382
3778 3383
3779 3193
3780 3195
3781 3194
3782 3321
3783 3323
3784 3322
3785 3257
3786 3258
3787 3259
3788 3197
3789 3199
3790 3198
3791 3325
3792 3327
3793 3326
3794 3261
3795 3262
3796 3263
3797 3196
3798 3260
3799 3324
3800 3449
3801 3451
3802 3450
3803 3577
3804 3579
3805 3578
3806 3513
3807 3514
3808 3515
3809 3453
3810 3455
3811 3454
3812 3581
3813 3583
3814 3582
3815 3517
3816 3518
3817 3519
3818 3452
3819 3516
3820 3580
3821 3385
3822 3386
3823 3387
3824 3388
3825 3389
3826 3390
3827 3391
3828 3192
3829 3256
3830 3320
3831 3384
3832 3448
3833 3512
3834 3576
3835 3697
3836 3699
3837 3698
3838 3825
3839 3827
3840 3826
3841 3761
3842 3762
3843 3763
3844 3701
3845 3703
3846 3702
3847 3829
3848 3831
3849 3830
3850 3765
3851 3766
3852 3767
3853 3700
3854 3764
3855 3828
3856 3953
3857 3955
3858 3954
3859 4081
3860 4083
3861 4082
3862 4017
3863 4018
3864 4019
3865 3957
3866 3959
3867 3958
3868 4085
3869 4087
3870 4086
3871 4021
3872 4022
3873 4023
3874 3956
3875 4020
3876 4084
3877 3889
3878 3890
3879 3891
3880 3892
3881 3893
3882 3894
3883 3895
3884 3705
3885 3707
3886 3706
3887 3833
3888 3835
3889 3834
3890 3769
3891 3770
3892 3771
3893 3709
3894 3711
3895 3710
3896 3837
3897 3839
3898 3838
3899 3773
3900 3774
3901 3775
3902 3708
3903 3772
3904 3836
3905 3961
3906 3963
3907 3962
3908 4089
3909 4091
3910 4090
3911 4025
3912 4026
3913 4027
3914 3965
3915 3967
3916 3966
3917 4093
3918 4095
3919 4094
3920 4029
3921 4030
3922 4031
3923 3964
3924 4028
3925 4092
3926 3897
3927 3898
3928 3899
3929 3900
3930 3901
3931 3902
3932 3903
3933 3704
3934 3768
3935 3832
3936 3896
3937 3960
3938 4024
3939 4088
3940 3633
3941 3634
3942 3635
3943 3636
3944 3637
3945 3638
3946 3639
3947 3640
3948 3641
3949 3642
3950 3643
3951 3644
3952 3645
3953 3646
3954 3647
3955 3184
3956 3248
3957 3312
3958 3376
3959 3440
3960 3504
3961 3568
3962 3632
3963 3696
3964 3760
3965 3824
3966 3888
3967 3952
3968 4016
3969 4080
3970 3105
3971 3106
3972 3107
3973 3108
3974 3109
3975 3110
3976 3111
3977 3112
3978 3113
3979 3114
3980 3115
3981 3116
3982 3117
3983 3118
3984 3119
3985 3120
3986 3121
3987 3122
3988 3123
3989 3124
3990 3125
3991 3126
3992 3127
3993 3128
3994 3129
3995 3130
3996 3131
3997 3132
3998 3133
3999 3134
4000 3135
4001 2144
4002 2208
4003 2272
4004 2336
4005 2400
4006 2464
4007 2528
4008 2592
4009 2656
4010 2720
4011 2784
4012 2848
4013 2912
4014 2976
4015 3040
4016 3104
4017 3168
4018 3232
4019 3296
4020 3360
4021 3424
4022 3488
4023 3552
4024 3616
4025 3680
4026 3744
4027 3808
4028 3872
4029 3936
4030 4000
4031 4064
4032 2048
4033 2049
4034 2050
4035 2051
4036 2052
4037 2053
4038 2054
4039 2055
4040 2056
4041 2057
4042 2058
4043 2059
4044 2060
4045 2061
4046 2062
4047 2063
4048 2064
4049 2065
4050 2066
4051 2067
4052 2068
4053 2069
4054 2070
4055 2071
4056 2072
4057 2073
4058 2074
4059 2075
4060 2076
4061 2077
4062 2078
4063 2079
4064 2080
4065 2081
4066 2082
4067 2083
4068 2084
4069 2085
4070 2086
4071 2087
4072 2088
4073 2089
4074 2090
4075 2091
4076 2092
4077 2093
4078 2094
4079 2095
4080 2096
4081 2097
4082 2098
4083 2099
4084 2100
4085 2101
4086 2102
4087 2103
4088 2104
4089 2105
4090 2106
4091 2107
4092 2108
4093 2109
4094 2110
4095 2111
