0 0
1 1
2 32
3 33
4 3
5 35
6 2
7 34
8 96
9 97
10 99
11 98
12 64
13 65
14 66
15 67
16 5
17 37
18 7
19 39
20 6
21 38
22 101
23 103
24 102
25 69
26 70
27 71
28 4
29 36
30 68
31 100
32 160
33 161
34 224
35 225
36 192
37 193
38 163
39 227
40 195
41 162
42 194
43 226
44 165
45 167
46 166
47 229
48 231
49 230
50 197
51 198
52 199
53 164
54 196
55 228
56 128
57 129
58 130
59 131
60 132
61 133
62 134
63 135
64 9
65 41
66 11
67 43
68 10
69 42
70 105
71 107
72 106
73 73
74 74
75 75
76 13
77 45
78 15
79 47
80 14
81 46
82 109
83 111
84 110
85 77
86 78
87 79
88 12
89 44
90 76
91 108
92 169
93 171
94 170
95 233
96 235
97 234
98 201
99 202
100 203
101 173
102 175
103 174
104 237
105 239
106 238
107 205
108 206
109 207
110 172
111 204
112 236
113 137
114 138
115 139
116 140
117 141
118 142
119 143
120 8
121 40
122 72
123 104
124 136
125 168
126 200
127 232
128 288
129 289
130 352
131 353
132 320
133 321
134 291
135 355
136 323
137 290
138 322
139 354
140 416
141 417
142 480
143 481
144 448
145 449
146 419
147 483
148 451
149 418
150 450
151 482
152 384
153 385
154 386
155 387
156 293
157 295
158 294
159 357
160 359
161 358
162 325
163 326
164 327
165 421
166 423
167 422
168 485
169 487
170 486
171 453
172 454
173 455
174 389
175 390
176 391
177 292
178 324
179 356
180 388
181 420
182 452
183 484
184 297
185 299
186 298
187 361
188 363
189 362
190 329
191 330
192 331
193 301
194 303
195 302
196 365
197 367
198 366
199 333
200 334
201 335
202 300
203 332
204 364
205 425
206 427
207 426
208 489
209 491
210 490
211 457
212 458
213 459
214 429
215 431
216 430
217 493
218 495
219 494
220 461
221 462
222 463
223 428
224 460
225 492
226 393
227 394
228 395
229 396
230 397
231 398
232 399
233 296
234 328
235 360
236 392
237 424
238 456
239 488
240 256
241 257
242 258
243 259
244 260
245 261
246 262
247 263
248 264
249 265
250 266
251 267
252 268
253 269
254 270
255 271
256 17
257 49
258 19
259 51
260 18
261 50
262 113
263 115
264 114
265 81
266 82
267 83
268 21
269 53
270 23
271 55
272 22
273 54
274 117
275 119
276 118
277 85
278 86
279 87
280 20
281 52
282 84
283 116
284 177
285 179
286 178
287 241
288 243
289 242
290 209
291 210
292 211
293 181
294 183
295 182
296 245
297 247
298 246
299 213
300 214
301 215
302 180
303 212
304 244
305 145
306 146
307 147
308 148
309 149
310 150
311 151
312 25
313 57
314 27
315 59
316 26
317 58
318 121
319 123
320 122
321 89
322 90
323 91
324 29
325 61
326 31
327 63
328 30
329 62
330 125
331 127
332 126
333 93
334 94
335 95
336 28
337 60
338 92
339 124
340 185
341 187
342 186
343 249
344 251
345 250
346 217
347 218
348 219
349 189
350 191
351 190
352 253
353 255
354 254
355 221
356 222
357 223
358 188
359 220
360 252
361 153
362 154
363 155
364 156
365 157
366 158
367 159
368 24
369 56
370 88
371 120
372 152
373 184
374 216
375 248
376 305
377 307
378 306
379 369
380 371
381 370
382 337
383 338
384 339
385 309
386 311
387 310
388 373
389 375
390 374
391 341
392 342
393 343
394 308
395 340
396 372
397 433
398 435
399 434
400 497
401 499
402 498
403 465
404 466
405 467
406 437
407 439
408 438
409 501
410 503
411 502
412 469
413 470
414 471
415 436
416 468
417 500
418 401
419 402
420 403
421 404
422 405
423 406
424 407
425 313
426 315
427 314
428 377
429 379
430 378
431 345
432 346
433 347
434 317
435 319
436 318
437 381
438 383
439 382
440 349
441 350
442 351
443 316
444 348
445 380
446 441
447 443
448 442
449 505
450 507
451 506
452 473
453 474
454 475
455 445
456 447
457 446
458 509
459 511
460 510
461 477
462 478
463 479
464 444
465 476
466 508
467 409
468 410
469 411
470 412
471 413
472 414
473 415
474 312
475 344
476 376
477 408
478 440
479 472
480 504
481 273
482 274
483 275
484 276
485 277
486 278
487 279
488 280
489 281
490 282
491 283
492 284
493 285
494 286
495 287
496 16
497 48
498 80
499 112
500 144
501 176
502 208
503 240
504 272
505 304
506 336
507 368
508 400
509 432
510 464
511 496
512 544
513 545
514 608
515 609
516 576
517 577
518 547
519 611
520 579
521 546
522 578
523 610
524 672
525 673
526 736
527 737
528 704
529 705
530 675
531 739
532 707
533 674
534 706
535 738
536 640
537 641
538 642
539 643
540 549
541 551
542 550
543 613
544 615
545 614
546 581
547 582
548 583
549 677
550 679
551 678
552 741
553 743
554 742
555 709
556 710
557 711
558 645
559 646
560 647
561 548
562 580
563 612
564 644
565 676
566 708
567 740
568 800
569 801
570 864
571 865
572 832
573 833
574 803
575 867
576 835
577 802
578 834
579 866
580 928
581 929
582 992
583 993
584 960
585 961
586 931
587 995
588 963
589 930
590 962
591 994
592 896
593 897
594 898
595 899
596 805
597 807
598 806
599 869
600 871
601 870
602 837
603 838
604 839
605 933
606 935
607 934
608 997
609 999
610 998
611 965
612 966
613 967
614 901
615 902
616 903
617 804
618 836
619 868
620 900
621 932
622 964
623 996
624 768
625 769
626 770
627 771
628 772
629 773
630 774
631 775
632 553
633 555
634 554
635 617
636 619
637 618
638 585
639 586
640 587
641 557
642 559
643 558
644 621
645 623
646 622
647 589
648 590
649 591
650 556
651 588
652 620
653 681
654 683
655 682
656 745
657 747
658 746
659 713
660 714
661 715
662 685
663 687
664 686
665 749
666 751
667 750
668 717
669 718
670 719
671 684
672 716
673 748
674 649
675 650
676 651
677 652
678 653
679 654
680 655
681 809
682 811
683 810
684 873
685 875
686 874
687 841
688 842
689 843
690 813
691 815
692 814
693 877
694 879
695 878
696 845
697 846
698 847
699 812
700 844
701 876
702 937
703 939
704 938
705 1001
706 1003
707 1002
708 969
709 970
710 971
711 941
712 943
713 942
714 1005
715 1007
716 1006
717 973
718 974
719 975
720 940
721 972
722 1004
723 905
724 906
725 907
726 908
727 909
728 910
729 911
730 777
731 778
732 779
733 780
734 781
735 782
736 783
737 552
738 584
739 616
740 648
741 680
742 712
743 744
744 776
745 808
746 840
747 872
748 904
749 936
750 968
751 1000
752 561
753 563
754 562
755 625
756 627
757 626
758 593
759 594
760 595
761 565
762 567
763 566
764 629
765 631
766 630
767 597
768 598
769 599
770 564
771 596
772 628
773 689
774 691
775 690
776 753
777 755
778 754
779 721
780 722
781 723
782 693
783 695
784 694
785 757
786 759
787 758
788 725
789 726
790 727
791 692
792 724
793 756
794 657
795 658
796 659
797 660
798 661
799 662
800 663
801 569
802 571
803 570
804 633
805 635
806 634
807 601
808 602
809 603
810 573
811 575
812 574
813 637
814 639
815 638
816 605
817 606
818 607
819 572
820 604
821 636
822 697
823 699
824 698
825 761
826 763
827 762
828 729
829 730
830 731
831 701
832 703
833 702
834 765
835 767
836 766
837 733
838 734
839 735
840 700
841 732
842 764
843 665
844 666
845 667
846 668
847 669
848 670
849 671
850 568
851 600
852 632
853 664
854 696
855 728
856 760
857 817
858 819
859 818
860 881
861 883
862 882
863 849
864 850
865 851
866 821
867 823
868 822
869 885
870 887
871 886
872 853
873 854
874 855
875 820
876 852
877 884
878 945
879 947
880 946
881 1009
882 1011
883 1010
884 977
885 978
886 979
887 949
888 951
889 950
890 1013
891 1015
892 1014
893 981
894 982
895 983
896 948
897 980
898 1012
899 913
900 914
901 915
902 916
903 917
904 918
905 919
906 825
907 827
908 826
909 889
910 891
911 890
912 857
913 858
914 859
915 829
916 831
917 830
918 893
919 895
920 894
921 861
922 862
923 863
924 828
925 860
926 892
927 953
928 955
929 954
930 1017
931 1019
932 1018
933 985
934 986
935 987
936 957
937 959
938 958
939 1021
940 1023
941 1022
942 989
943 990
944 991
945 956
946 988
947 1020
948 921
949 922
950 923
951 924
952 925
953 926
954 927
955 824
956 856
957 888
958 920
959 952
960 984
961 1016
962 785
963 786
964 787
965 788
966 789
967 790
968 791
969 792
970 793
971 794
972 795
973 796
974 797
975 798
976 799
977 560
978 592
979 624
980 656
981 688
982 720
983 752
984 784
985 816
986 848
987 880
988 912
989 944
990 976
991 1008
992 512
993 513
994 514
995 515
996 516
997 517
998 518
999 519
1000 520
1001 521
1002 522
1003 523
1004 524
1005 525
1006 526
1007 527
1008 528
1009 529
1010 530
1011 531
1012 532
1013 533
1014 534
1015 535
1016 536
1017 537
1018 538
1019 539
1020 540
1021 541
1022 542
1023 543
