-0.981802
-0.955124
-0.912263
-0.855468
-0.787611
-0.71194
-0.631829
-0.550528
-0.470959
-0.395559
-0.326184
-0.264082
-0.209912
-0.163818
-0.125519
-0.0944237
-0.0697391
-0.0505704
-0.0360031
-0.0251656
-0.0172703
-0.0116363
-0.00769757
-0.00499939
-0.0031879
-0.0019958
-0.00122674
-0.000740305
-0.000438626
-0.000255153
-0.000145725
-8.17124e-05
-0.955124
-0.929172
-0.887474
-0.832223
-0.76621
-0.692595
-0.614661
-0.535569
-0.458162
-0.38481
-0.317321
-0.256906
-0.204209
-0.159367
-0.122108
-0.091858
-0.0678442
-0.0491963
-0.0350248
-0.0244818
-0.016801
-0.0113201
-0.00748841
-0.00486355
-0.00310128
-0.00194157
-0.0011934
-0.000720189
-0.000426707
-0.00024822
-0.000141765
-7.94921e-05
-0.912263
-0.887474
-0.847648
-0.794877
-0.731826
-0.661515
-0.587077
-0.511535
-0.437602
-0.367542
-0.303081
-0.245377
-0.195045
-0.152215
-0.116629
-0.0877358
-0.0647996
-0.0469886
-0.033453
-0.0233832
-0.016047
-0.0108121
-0.00715236
-0.00464529
-0.00296211
-0.00185444
-0.00113985
-0.00068787
-0.000407559
-0.000237081
-0.000135403
-7.59248e-05
-0.855468
-0.832223
-0.794877
-0.74539
-0.686264
-0.620331
-0.550528
-0.479688
-0.410358
-0.34466
-0.284212
-0.230101
-0.182902
-0.142739
-0.109368
-0.0822737
-0.0607654
-0.0440632
-0.0313704
-0.0219274
-0.015048
-0.010139
-0.00670708
-0.00435609
-0.00277769
-0.00173899
-0.00106889
-0.000645046
-0.000382185
-0.000222321
-0.000126973
-7.1198e-05
-0.787611
-0.76621
-0.731826
-0.686264
-0.631829
-0.571125
-0.506859
-0.441639
-0.377808
-0.317321
-0.261668
-0.211849
-0.168394
-0.131416
-0.100692
-0.0757476
-0.0559454
-0.040568
-0.028882
-0.0201881
-0.0138544
-0.00933474
-0.00617506
-0.00401056
-0.00255736
-0.00160105
-0.0009841
-0.00059388
-0.00035187
-0.000204686
-0.000116902
-6.55504e-05
-0.71194
-0.692595
-0.661515
-0.620331
-0.571125
-0.516254
-0.458162
-0.399208
-0.341509
-0.286834
-0.236528
-0.191495
-0.152215
-0.11879
-0.0910183
-0.06847
-0.0505704
-0.0366704
-0.0261071
-0.0182485
-0.0125233
-0.00843789
-0.00558179
-0.00362524
-0.00231166
-0.00144722
-0.000889551
-0.000536822
-0.000318063
-0.000185021
-0.00010567
-5.92526e-05
-0.631829
-0.614661
-0.587077
-0.550528
-0.506859
-0.458162
-0.406607
-0.354287
-0.303081
-0.254558
-0.209912
-0.169947
-0.135087
-0.105423
-0.0807765
-0.0607654
-0.0448799
-0.0325441
-0.0231694
-0.0161951
-0.0111141
-0.00748841
-0.00495369
-0.00321731
-0.00205154
-0.00128437
-0.000789454
-0.000476416
-0.000282273
-0.000164201
-9.37795e-05
-5.25852e-05
-0.550528
-0.535569
-0.511535
-0.479688
-0.441639
-0.399208
-0.354287
-0.308698
-0.264082
-0.221802
-0.182902
-0.148079
-0.117705
-0.091858
-0.0703825
-0.0529464
-0.039105
-0.0283564
-0.0201881
-0.0141112
-0.00968398
-0.00652484
-0.00431627
-0.00280332
-0.00178756
-0.00111911
-0.00068787
-0.000415113
-0.000245951
-0.000143073
-8.17124e-05
-4.58187e-05
-0.470959
-0.458162
-0.437602
-0.410358
-0.377808
-0.341509
-0.303081
-0.264082
-0.225913
-0.189745
-0.156467
-0.126677
-0.100692
-0.0785816
-0.06021
-0.0452939
-0.033453
-0.024258
-0.0172703
-0.0120716
-0.00828434
-0.00558179
-0.00369243
-0.00239815
-0.0015292
-0.00095736
-0.000588451
-0.000355116
-0.000210404
-0.000122394
-6.99023e-05
-3.91965e-05
-0.395559
-0.38481
-0.367542
-0.34466
-0.317321
-0.286834
-0.254558
-0.221802
-0.189745
-0.159367
-0.131416
-0.106396
-0.0845717
-0.0660007
-0.0505704
-0.0380424
-0.0280972
-0.0203743
-0.0145053
-0.010139
-0.00695802
-0.00468815
-0.00310128
-0.00201421
-0.00128437
-0.000804087
-0.00049424
-0.000298262
-0.000176718
-0.000102799
-5.8711e-05
-3.29211e-05
-0.326184
-0.317321
-0.303081
-0.284212
-0.261668
-0.236528
-0.209912
-0.182902
-0.156467
-0.131416
-0.108368
-0.0877358
-0.0697391
-0.0544252
-0.0417011
-0.0313704
-0.0231694
-0.016801
-0.0119613
-0.00836076
-0.00573769
-0.00386592
-0.00255736
-0.00166095
-0.00105912
-0.000663063
-0.000407559
-0.000245951
-0.000145725
-8.47696e-05
-4.8414e-05
-2.71473e-05
-0.264082
-0.256906
-0.245377
-0.230101
-0.211849
-0.191495
-0.169947
-0.148079
-0.126677
-0.106396
-0.0877358
-0.0710318
-0.0564615
-0.0440632
-0.0337616
-0.0253978
-0.0187582
-0.0136022
-0.00968398
-0.00676895
-0.00464529
-0.00312989
-0.00207047
-0.00134472
-0.00085747
-0.000536822
-0.000329963
-0.000199125
-0.00011798
-6.86303e-05
-3.91965e-05
-2.19787e-05
-0.209912
-0.204209
-0.195045
-0.182902
-0.168394
-0.152215
-0.135087
-0.117705
-0.100692
-0.0845717
-0.0697391
-0.0564615
-0.0448799
-0.0350248
-0.0268363
-0.0201881
-0.0149104
-0.0108121
-0.00769757
-0.00538048
-0.00369243
-0.00248787
-0.00164576
-0.00106889
-0.000681583
-0.000426707
-0.00026228
-0.00015828
-9.37795e-05
-5.45526e-05
-3.11564e-05
-1.74704e-05
-0.163818
-0.159367
-0.152215
-0.142739
-0.131416
-0.11879
-0.105423
-0.091858
-0.0785816
-0.0660007
-0.0544252
-0.0440632
-0.0350248
-0.0273338
-0.0209434
-0.015755
-0.0116363
-0.00843789
-0.00600727
-0.00419899
-0.00288162
-0.00194157
-0.00128437
-0.000834171
-0.000531915
-0.000333007
-0.000204686
-0.000123523
-7.31866e-05
-4.25735e-05
-2.43148e-05
-1.36341e-05
-0.125519
-0.122108
-0.116629
-0.109368
-0.100692
-0.0910183
-0.0807765
-0.0703825
-0.06021
-0.0505704
-0.0417011
-0.0337616
-0.0268363
-0.0209434
-0.016047
-0.0120716
-0.00891583
-0.00646519
-0.00460283
-0.00321731
-0.00220792
-0.00148765
-0.0009841
-0.00063915
-0.000407559
-0.000255153
-0.000156833
-9.46447e-05
-5.60763e-05
-3.26202e-05
-1.86302e-05
-1.04466e-05
-0.0944237
-0.091858
-0.0877358
-0.0822737
-0.0757476
-0.06847
-0.0607654
-0.0529464
-0.0452939
-0.0380424
-0.0313704
-0.0253978
-0.0201881
-0.015755
-0.0120716
-0.00908109
-0.00670708
-0.00486355
-0.00346256
-0.00242027
-0.00166095
-0.00111911
-0.000740305
-0.000480811
-0.000306593
-0.000191943
-0.00011798
-7.1198e-05
-4.21843e-05
-2.45391e-05
-1.40149e-05
-7.8586e-06
-0.0697391
-0.0678442
-0.0647996
-0.0607654
-0.0559454
-0.0505704
-0.0448799
-0.039105
-0.033453
-0.0280972
-0.0231694
-0.0187582
-0.0149104
-0.0116363
-0.00891583
-0.00670708
-0.00495369
-0.0035921
-0.00255736
-0.00178756
-0.00122674
-0.000826546
-0.000546772
-0.000355116
-0.000226442
-0.000141765
-8.71373e-05
-5.25852e-05
-3.11564e-05
-1.8124e-05
-1.03511e-05
-5.80418e-06
-0.0505704
-0.0491963
-0.0469886
-0.0440632
-0.040568
-0.0366704
-0.0325441
-0.0283564
-0.024258
-0.0203743
-0.016801
-0.0136022
-0.0108121
-0.00843789
-0.00646519
-0.00486355
-0.0035921
-0.00260476
-0.00185444
-0.00129622
-0.000889551
-0.000599358
-0.000396484
-0.000257507
-0.000164201
-0.000102799
-6.31864e-05
-3.81314e-05
-2.25926e-05
-1.31424e-05
-7.50594e-06
-4.20882e-06
-0.0360031
-0.0350248
-0.033453
-0.0313704
-0.028882
-0.0261071
-0.0231694
-0.0201881
-0.0172703
-0.0145053
-0.0119613
-0.00968398
-0.00769757
-0.00600727
-0.00460283
-0.00346256
-0.00255736
-0.00185444
-0.00132025
-0.000922833
-0.000633307
-0.000426707
-0.000282273
-0.00018333
-0.000116902
-7.31866e-05
-4.49849e-05
-2.71473e-05
-1.60846e-05
-9.35658e-06
-5.34378e-06
-2.99643e-06
-0.0251656
-0.0244818
-0.0233832
-0.0219274
-0.0201881
-0.0182485
-0.0161951
-0.0141112
-0.0120716
-0.010139
-0.00836076
-0.00676895
-0.00538048
-0.00419899
-0.00321731
-0.00242027
-0.00178756
-0.00129622
-0.000922833
-0.000645046
-0.000442672
-0.000298262
-0.000197305
-0.000128145
-8.17124e-05
-5.11563e-05
-3.14438e-05
-1.89755e-05
-1.12429e-05
-6.5401e-06
-3.73522e-06
-2.09446e-06
-0.0172703
-0.016801
-0.016047
-0.015048
-0.0138544
-0.0125233
-0.0111141
-0.00968398
-0.00828434
-0.00695802
-0.00573769
-0.00464529
-0.00369243
-0.00288162
-0.00220792
-0.00166095
-0.00122674
-0.000889551
-0.000633307
-0.000442672
-0.00030379
-0.000204686
-0.000135403
-8.79411e-05
-5.60763e-05
-3.51068e-05
-2.15787e-05
-1.30222e-05
-7.71559e-06
-4.48824e-06
-2.56335e-06
-1.43735e-06
-0.0116363
-0.0113201
-0.0108121
-0.010139
-0.00933474
-0.00843789
-0.00748841
-0.00652484
-0.00558179
-0.00468815
-0.00386592
-0.00312989
-0.00248787
-0.00194157
-0.00148765
-0.00111911
-0.000826546
-0.000599358
-0.000426707
-0.000298262
-0.000204686
-0.000137913
-9.12313e-05
-5.92526e-05
-3.77829e-05
-2.36541e-05
-1.45392e-05
-8.77407e-06
-5.19858e-06
-3.02407e-06
-1.72712e-06
-9.68452e-07
-0.00769757
-0.00748841
-0.00715236
-0.00670708
-0.00617506
-0.00558179
-0.00495369
-0.00431627
-0.00369243
-0.00310128
-0.00255736
-0.00207047
-0.00164576
-0.00128437
-0.0009841
-0.000740305
-0.000546772
-0.000396484
-0.000282273
-0.000197305
-0.000135403
-9.12313e-05
-6.03509e-05
-3.91965e-05
-2.49939e-05
-1.56475e-05
-9.61792e-06
-5.80418e-06
-3.43893e-06
-2.00047e-06
-1.14252e-06
-6.40645e-07
-0.00499939
-0.00486355
-0.00464529
-0.00435609
-0.00401056
-0.00362524
-0.00321731
-0.00280332
-0.00239815
-0.00201421
-0.00166095
-0.00134472
-0.00106889
-0.000834171
-0.00063915
-0.000480811
-0.000355116
-0.000257507
-0.00018333
-0.000128145
-8.79411e-05
-5.92526e-05
-3.91965e-05
-2.54572e-05
-1.6233e-05
-1.01627e-05
-6.24661e-06
-3.76968e-06
-2.23351e-06
-1.29926e-06
-7.42038e-07
-4.16084e-07
-0.0031879
-0.00310128
-0.00296211
-0.00277769
-0.00255736
-0.00231166
-0.00205154
-0.00178756
-0.0015292
-0.00128437
-0.00105912
-0.00085747
-0.000681583
-0.000531915
-0.000407559
-0.000306593
-0.000226442
-0.000164201
-0.000116902
-8.17124e-05
-5.60763e-05
-3.77829e-05
-2.49939e-05
-1.6233e-05
-1.03511e-05
-6.48032e-06
-3.9832e-06
-2.40376e-06
-1.42421e-06
-8.2848e-07
-4.73166e-07
-2.65319e-07
-0.0019958
-0.00194157
-0.00185444
-0.00173899
-0.00160105
-0.00144722
-0.00128437
-0.00111911
-0.00095736
-0.000804087
-0.000663063
-0.000536822
-0.000426707
-0.000333007
-0.000255153
-0.000191943
-0.000141765
-0.000102799
-7.31866e-05
-5.11563e-05
-3.51068e-05
-2.36541e-05
-1.56475e-05
-1.01627e-05
-6.48032e-06
-4.05703e-06
-2.4937e-06
-1.50488e-06
-8.91633e-07
-5.18673e-07
-2.96227e-07
-1.66104e-07
-0.00122674
-0.0011934
-0.00113985
-0.00106889
-0.0009841
-0.000889551
-0.000789454
-0.00068787
-0.000588451
-0.00049424
-0.000407559
-0.000329963
-0.00026228
-0.000204686
-0.000156833
-0.00011798
-8.71373e-05
-6.31864e-05
-4.49849e-05
-3.14438e-05
-2.15787e-05
-1.45392e-05
-9.61792e-06
-6.24661e-06
-3.9832e-06
-2.4937e-06
-1.53278e-06
-9.24992e-07
-5.48052e-07
-3.18808e-07
-1.82079e-07
-1.02098e-07
-0.000740305
-0.000720189
-0.00068787
-0.000645046
-0.00059388
-0.000536822
-0.000476416
-0.000415113
-0.000355116
-0.000298262
-0.000245951
-0.000199125
-0.00015828
-0.000123523
-9.46447e-05
-7.1198e-05
-5.25852e-05
-3.81314e-05
-2.71473e-05
-1.89755e-05
-1.30222e-05
-8.77407e-06
-5.80418e-06
-3.76968e-06
-2.40376e-06
-1.50488e-06
-9.24992e-07
-5.5821e-07
-3.30736e-07
-1.92393e-07
-1.0988e-07
-6.16133e-08
-0.000438626
-0.000426707
-0.000407559
-0.000382185
-0.00035187
-0.000318063
-0.000282273
-0.000245951
-0.000210404
-0.000176718
-0.000145725
-0.00011798
-9.37795e-05
-7.31866e-05
-5.60763e-05
-4.21843e-05
-3.11564e-05
-2.25926e-05
-1.60846e-05
-1.12429e-05
-7.71559e-06
-5.19858e-06
-3.43893e-06
-2.23351e-06
-1.42421e-06
-8.91633e-07
-5.48052e-07
-3.30736e-07
-1.95959e-07
-1.13991e-07
-6.51033e-08
-3.65055e-08
-0.000255153
-0.00024822
-0.000237081
-0.000222321
-0.000204686
-0.000185021
-0.000164201
-0.000143073
-0.000122394
-0.000102799
-8.47696e-05
-6.86303e-05
-5.45526e-05
-4.25735e-05
-3.26202e-05
-2.45391e-05
-1.8124e-05
-1.31424e-05
-9.35658e-06
-6.5401e-06
-4.48824e-06
-3.02407e-06
-2.00047e-06
-1.29926e-06
-8.2848e-07
-5.18673e-07
-3.18808e-07
-1.92393e-07
-1.13991e-07
-6.631e-08
-3.78713e-08
-2.12356e-08
-0.000145725
-0.000141765
-0.000135403
-0.000126973
-0.000116902
-0.00010567
-9.37795e-05
-8.17124e-05
-6.99023e-05
-5.8711e-05
-4.8414e-05
-3.91965e-05
-3.11564e-05
-2.43148e-05
-1.86302e-05
-1.40149e-05
-1.03511e-05
-7.50594e-06
-5.34378e-06
-3.73522e-06
-2.56335e-06
-1.72712e-06
-1.14252e-06
-7.42038e-07
-4.73166e-07
-2.96227e-07
-1.82079e-07
-1.0988e-07
-6.51033e-08
-3.78713e-08
-2.16292e-08
-1.21282e-08
-8.17124e-05
-7.94921e-05
-7.59248e-05
-7.1198e-05
-6.55504e-05
-5.92526e-05
-5.25852e-05
-4.58187e-05
-3.91965e-05
-3.29211e-05
-2.71473e-05
-2.19787e-05
-1.74704e-05
-1.36341e-05
-1.04466e-05
-7.8586e-06
-5.80418e-06
-4.20882e-06
-2.99643e-06
-2.09446e-06
-1.43735e-06
-9.68452e-07
-6.40645e-07
-4.16084e-07
-2.65319e-07
-1.66104e-07
-1.02098e-07
-6.16133e-08
-3.65055e-08
-2.12356e-08
-1.21282e-08
-6.80067e-09
