-0.995277
-0.988235
-0.988235
-0.981243
-0.960562
-0.953766
-0.976609
-0.969699
-0.960562
-0.953766
-0.927058
-0.942545
-0.976609
-0.969699
-0.958291
-0.942545
-0.916151
-0.909669
-0.857404
-0.851337
-0.888391
-0.882105
-0.884196
-0.827498
-0.857404
-0.898967
-0.871728
-0.841322
-0.940317
-0.933664
-0.922679
-0.907518
-0.916151
-0.909669
-0.857404
-0.851337
-0.888391
-0.882105
-0.884196
-0.827498
-0.857404
-0.898967
-0.871728
-0.841322
-0.843315
-0.789239
-0.817762
-0.789239
-0.73863
-0.765324
-0.817762
-0.792984
-0.765324
-0.86556
-0.839333
-0.810057
-0.940317
-0.933664
-0.922679
-0.907518
-0.888391
-0.86556
-0.839333
-0.810057
-0.787373
-0.781802
-0.7095
-0.70448
-0.749194
-0.743893
-0.759909
-0.684752
-0.723062
-0.772604
-0.735141
-0.696192
-0.627337
-0.622898
-0.544284
-0.540433
-0.585721
-0.581577
-0.605455
-0.525299
-0.565291
-0.61557
-0.574735
-0.534075
-0.668735
-0.664004
-0.656192
-0.64541
-0.724775
-0.653093
-0.689632
-0.6783
-0.611214
-0.64541
-0.702814
-0.668735
-0.633304
-0.577462
-0.501012
-0.539155
-0.540433
-0.468886
-0.504583
-0.559965
-0.522819
-0.485831
-0.61557
-0.596918
-0.576097
-0.743893
-0.707822
-0.67032
-0.631807
-0.592694
-0.553377
-0.514228
-0.82359
-0.817762
-0.808142
-0.794863
-0.77811
-0.758113
-0.735141
-0.7095
-0.787373
-0.781802
-0.7095
-0.70448
-0.749194
-0.743893
-0.759909
-0.684752
-0.723062
-0.772604
-0.735141
-0.696192
-0.627337
-0.622898
-0.544284
-0.540433
-0.585721
-0.581577
-0.605455
-0.525299
-0.565291
-0.61557
-0.574735
-0.534075
-0.668735
-0.664004
-0.656192
-0.64541
-0.724775
-0.6783
-0.702814
-0.653093
-0.611214
-0.633304
-0.689632
-0.668735
-0.64541
-0.577462
-0.540433
-0.559965
-0.501012
-0.468886
-0.485831
-0.539155
-0.522819
-0.504583
-0.61557
-0.596918
-0.576097
-0.743893
-0.707822
-0.67032
-0.631807
-0.592694
-0.553377
-0.514228
-0.622898
-0.561292
-0.592694
-0.561292
-0.505778
-0.534075
-0.592694
-0.563955
-0.534075
-0.496292
-0.430588
-0.463369
-0.447207
-0.388002
-0.417541
-0.472227
-0.440901
-0.409709
-0.529043
-0.50339
-0.476719
-0.496292
-0.447207
-0.472227
-0.430588
-0.388002
-0.409709
-0.463369
-0.440901
-0.417541
-0.395418
-0.343069
-0.369188
-0.343069
-0.297651
-0.320311
-0.369188
-0.344697
-0.320311
-0.421513
-0.393551
-0.365709
-0.529043
-0.50339
-0.476719
-0.449329
-0.421513
-0.393551
-0.365709
-0.651549
-0.619956
-0.587109
-0.553377
-0.519119
-0.484683
-0.450394
-0.82359
-0.817762
-0.808142
-0.794863
-0.77811
-0.758113
-0.735141
-0.7095
-0.681518
-0.651549
-0.619956
-0.587109
-0.553377
-0.519119
-0.484683
-0.450394
-0.463369
-0.460091
-0.387084
-0.384346
-0.424516
-0.421513
-0.447207
-0.373583
-0.409709
-0.454678
-0.416554
-0.379824
-0.317293
-0.315048
-0.255207
-0.253401
-0.285236
-0.283218
-0.306226
-0.246305
-0.275287
-0.311342
-0.279886
-0.25042
-0.351286
-0.348801
-0.344697
-0.339033
-0.426531
-0.356311
-0.390767
-0.39918
-0.333463
-0.365709
-0.413607
-0.378926
-0.345514
-0.292068
-0.234918
-0.262559
-0.273339
-0.219854
-0.245723
-0.283218
-0.254604
-0.227799
-0.323358
-0.31356
-0.302623
-0.437781
-0.401074
-0.365709
-0.331888
-0.299772
-0.269485
-0.241114
-0.201419
-0.199994
-0.155986
-0.154882
-0.177673
-0.176416
-0.194394
-0.150545
-0.171476
-0.197641
-0.17434
-0.15306
-0.118535
-0.117697
-0.0883865
-0.0877612
-0.102599
-0.101873
-0.114401
-0.0853036
-0.0990207
-0.116312
-0.100675
-0.0867287
-0.1363
-0.135335
-0.133743
-0.131546
-0.185406
-0.143585
-0.163548
-0.173517
-0.134378
-0.15306
-0.179788
-0.158592
-0.139234
-0.109112
-0.0813597
-0.0944426
-0.102115
-0.0761426
-0.0883865
-0.105805
-0.0915809
-0.0788944
-0.125464
-0.121662
-0.117418
-0.190297
-0.167862
-0.147372
-0.128773
-0.11199
-0.0969337
-0.0835057
-0.227261
-0.225653
-0.222998
-0.219334
-0.214711
-0.209193
-0.202855
-0.195779
-0.366576
-0.306226
-0.335839
-0.33032
-0.275939
-0.302623
-0.348801
-0.319554
-0.291377
-0.251014
-0.201897
-0.225653
-0.226188
-0.181928
-0.203335
-0.238842
-0.214711
-0.192107
-0.277906
-0.26443
-0.25042
-0.292068
-0.243984
-0.267578
-0.253401
-0.211684
-0.232154
-0.272693
-0.249828
-0.227799
-0.199994
-0.16086
-0.179788
-0.173517
-0.139564
-0.155986
-0.186727
-0.167862
-0.150189
-0.22142
-0.206732
-0.192107
-0.311342
-0.285236
-0.260085
-0.236032
-0.213192
-0.191653
-0.171476
-0.159345
-0.123402
-0.140559
-0.143585
-0.111197
-0.126657
-0.151618
-0.133743
-0.117418
-0.0937744
-0.0699234
-0.0811673
-0.0844998
-0.0630078
-0.0731397
-0.0892273
-0.0772316
-0.0665329
-0.107828
-0.102599
-0.0971634
-0.126957
-0.0983201
-0.11199
-0.110149
-0.0853036
-0.0971634
-0.118535
-0.104561
-0.0917979
-0.0747144
-0.0557112
-0.0646698
-0.064823
-0.0483357
-0.0561082
-0.0697581
-0.0603798
-0.0520155
-0.0859115
-0.0802124
-0.0745377
-0.135335
-0.11938
-0.104808
-0.0915809
-0.0796449
-0.0689374
-0.0593877
-0.179788
-0.17107
-0.162007
-0.152698
-0.143246
-0.133743
-0.124281
-0.383437
-0.351286
-0.320311
-0.290689
-0.262559
-0.236032
-0.211183
-0.188058
-0.166674
-0.147024
-0.129078
-0.112788
-0.0980877
-0.0849008
-0.0731397
-0.50339
-0.499828
-0.493948
-0.485831
-0.475592
-0.463369
-0.449329
-0.433656
-0.416554
-0.398236
-0.378926
-0.35885
-0.338232
-0.317293
-0.296245
-0.275287
-0.463369
-0.460091
-0.387084
-0.384346
-0.424516
-0.421513
-0.447207
-0.373583
-0.409709
-0.454678
-0.416554
-0.379824
-0.317293
-0.315048
-0.255207
-0.253401
-0.285236
-0.283218
-0.306226
-0.246305
-0.275287
-0.311342
-0.279886
-0.25042
-0.351286
-0.348801
-0.344697
-0.339033
-0.426531
-0.39918
-0.413607
-0.356311
-0.333463
-0.345514
-0.390767
-0.378926
-0.365709
-0.292068
-0.273339
-0.283218
-0.234918
-0.219854
-0.227799
-0.262559
-0.254604
-0.245723
-0.323358
-0.31356
-0.302623
-0.437781
-0.401074
-0.365709
-0.331888
-0.299772
-0.269485
-0.241114
-0.201419
-0.199994
-0.155986
-0.154882
-0.177673
-0.176416
-0.194394
-0.150545
-0.171476
-0.197641
-0.17434
-0.15306
-0.118535
-0.117697
-0.0883865
-0.0877612
-0.102599
-0.101873
-0.114401
-0.0853036
-0.0990207
-0.116312
-0.100675
-0.0867287
-0.1363
-0.135335
-0.133743
-0.131546
-0.185406
-0.173517
-0.179788
-0.143585
-0.134378
-0.139234
-0.163548
-0.158592
-0.15306
-0.109112
-0.102115
-0.105805
-0.0813597
-0.0761426
-0.0788944
-0.0944426
-0.0915809
-0.0883865
-0.125464
-0.121662
-0.117418
-0.190297
-0.167862
-0.147372
-0.128773
-0.11199
-0.0969337
-0.0835057
-0.227261
-0.225653
-0.222998
-0.219334
-0.214711
-0.209193
-0.202855
-0.195779
-0.366576
-0.33032
-0.348801
-0.306226
-0.275939
-0.291377
-0.335839
-0.319554
-0.302623
-0.292068
-0.253401
-0.272693
-0.243984
-0.211684
-0.227799
-0.267578
-0.249828
-0.232154
-0.311342
-0.285236
-0.260085
-0.251014
-0.226188
-0.238842
-0.201897
-0.181928
-0.192107
-0.225653
-0.214711
-0.203335
-0.199994
-0.173517
-0.186727
-0.16086
-0.139564
-0.150189
-0.179788
-0.167862
-0.155986
-0.213192
-0.191653
-0.171476
-0.277906
-0.26443
-0.25042
-0.236032
-0.22142
-0.206732
-0.192107
-0.159345
-0.143585
-0.151618
-0.123402
-0.111197
-0.117418
-0.140559
-0.133743
-0.126657
-0.126957
-0.110149
-0.118535
-0.0983201
-0.0853036
-0.0917979
-0.11199
-0.104561
-0.0971634
-0.135335
-0.11938
-0.104808
-0.0937744
-0.0844998
-0.0892273
-0.0699234
-0.0630078
-0.0665329
-0.0811673
-0.0772316
-0.0731397
-0.0747144
-0.064823
-0.0697581
-0.0557112
-0.0483357
-0.0520155
-0.0646698
-0.0603798
-0.0561082
-0.0796449
-0.0689374
-0.0593877
-0.107828
-0.102599
-0.0971634
-0.0915809
-0.0859115
-0.0802124
-0.0745377
-0.179788
-0.17107
-0.162007
-0.152698
-0.143246
-0.133743
-0.124281
-0.383437
-0.351286
-0.320311
-0.290689
-0.262559
-0.236032
-0.211183
-0.188058
-0.166674
-0.147024
-0.129078
-0.112788
-0.0980877
-0.0849008
-0.0731397
-0.21573
-0.180214
-0.197641
-0.180214
-0.150545
-0.165103
-0.197641
-0.181069
-0.165103
-0.147722
-0.118816
-0.132797
-0.123402
-0.0992554
-0.110934
-0.135335
-0.121662
-0.108854
-0.163548
-0.149834
-0.136623
-0.147722
-0.123402
-0.135335
-0.118816
-0.0992554
-0.108854
-0.132797
-0.121662
-0.110934
-0.101153
-0.0813597
-0.0909329
-0.0813597
-0.0654396
-0.0731397
-0.0909329
-0.0817457
-0.0731397
-0.11199
-0.100675
-0.0900761
-0.163548
-0.149834
-0.136623
-0.123988
-0.11199
-0.100675
-0.0900761
-0.0937744
-0.0726222
-0.0827189
-0.0783362
-0.0606663
-0.0691008
-0.0859115
-0.075783
-0.0665329
-0.0551863
-0.04115
-0.047767
-0.0461009
-0.0343754
-0.0399031
-0.0505589
-0.0437618
-0.0376996
-0.0634568
-0.058136
-0.0530098
-0.0642122
-0.0497282
-0.0566419
-0.0516475
-0.0399976
-0.0455585
-0.0577246
-0.0509192
-0.044704
-0.0377889
-0.0281775
-0.0327086
-0.0303946
-0.0226639
-0.0263083
-0.033971
-0.0294039
-0.0253307
-0.0434522
-0.0390621
-0.0349497
-0.0710915
-0.0627102
-0.0550558
-0.0481074
-0.0418374
-0.0362128
-0.0311963
-0.105805
-0.0969337
-0.0883865
-0.0802124
-0.0724505
-0.0651306
-0.0582737
-0.0937744
-0.0783362
-0.0859115
-0.0726222
-0.0606663
-0.0665329
-0.0827189
-0.075783
-0.0691008
-0.0642122
-0.0516475
-0.0577246
-0.0497282
-0.0399976
-0.044704
-0.0566419
-0.0509192
-0.0455585
-0.0710915
-0.0627102
-0.0550558
-0.0551863
-0.0461009
-0.0505589
-0.04115
-0.0343754
-0.0376996
-0.047767
-0.0437618
-0.0399031
-0.0377889
-0.0303946
-0.033971
-0.0281775
-0.0226639
-0.0253307
-0.0327086
-0.0294039
-0.0263083
-0.0418374
-0.0362128
-0.0311963
-0.0634568
-0.058136
-0.0530098
-0.0481074
-0.0434522
-0.0390621
-0.0349497
-0.0407622
-0.0315677
-0.0359566
-0.0315677
-0.0244471
-0.027846
-0.0359566
-0.0317175
-0.027846
-0.0239886
-0.0178872
-0.0207636
-0.0185776
-0.0138525
-0.01608
-0.0211605
-0.0183156
-0.0157784
-0.0275836
-0.0243317
-0.0213617
-0.0239886
-0.0185776
-0.0211605
-0.0178872
-0.0138525
-0.0157784
-0.0207636
-0.0183156
-0.01608
-0.0141173
-0.0105266
-0.0122194
-0.0105266
-0.00784925
-0.00911144
-0.0122194
-0.0105766
-0.00911144
-0.016233
-0.0140506
-0.0121042
-0.0275836
-0.0243317
-0.0213617
-0.0186657
-0.016233
-0.0140506
-0.0121042
-0.0459919
-0.0405697
-0.0356177
-0.0311226
-0.0270663
-0.0234275
-0.0201821
-0.105805
-0.0969337
-0.0883865
-0.0802124
-0.0724505
-0.0651306
-0.0582737
-0.0518926
-0.0459919
-0.0405697
-0.0356177
-0.0311226
-0.0270663
-0.0234275
-0.0201821
-0.234362
-0.214711
-0.195779
-0.177673
-0.16048
-0.144266
-0.129078
-0.114944
-0.101873
-0.0898631
-0.0788944
-0.0689374
-0.0599526
-0.0518926
-0.044704
-0.50339
-0.499828
-0.493948
-0.485831
-0.475592
-0.463369
-0.449329
-0.433656
-0.416554
-0.398236
-0.378926
-0.35885
-0.338232
-0.317293
-0.296245
-0.275287
-0.254604
-0.234362
-0.214711
-0.195779
-0.177673
-0.16048
-0.144266
-0.129078
-0.114944
-0.101873
-0.0898631
-0.0788944
-0.0689374
-0.0599526
-0.0518926
-0.044704
-0.0646698
-0.0642122
-0.0464294
-0.0461009
-0.0549256
-0.054537
-0.0624141
-0.0448099
-0.0530098
-0.0634568
-0.0538954
-0.0455585
-0.0327086
-0.0324771
-0.0226103
-0.0224503
-0.0272591
-0.0270663
-0.0315677
-0.0218217
-0.0263083
-0.0320951
-0.0267478
-0.0221862
-0.0390621
-0.0387857
-0.0383294
-0.0376996
-0.0595284
-0.0427382
-0.0505589
-0.0557112
-0.0399976
-0.0473169
-0.0577246
-0.049027
-0.0414432
-0.0301082
-0.0208128
-0.025092
-0.0281775
-0.0194782
-0.023483
-0.0291959
-0.0243317
-0.0201821
-0.0359566
-0.0348671
-0.0336509
-0.0610986
-0.0518926
-0.0438655
-0.036905
-0.0309023
-0.0257538
-0.0213617
-0.0153366
-0.0152281
-0.0102077
-0.0101355
-0.0125417
-0.0124529
-0.0148016
-0.00985163
-0.0121042
-0.0150489
-0.0123064
-0.0100162
-0.00666656
-0.00661939
-0.00427222
-0.00424199
-0.00534941
-0.00531156
-0.00643403
-0.00412321
-0.00516282
-0.00654152
-0.00524907
-0.00419209
-0.0082688
-0.00821029
-0.0081137
-0.00798038
-0.0141173
-0.00939615
-0.0115446
-0.013212
-0.00879363
-0.0108043
-0.0136895
-0.0111948
-0.00911144
-0.00613656
-0.00393257
-0.00492412
-0.00574306
-0.0036804
-0.00460837
-0.00595062
-0.00477492
-0.00381341
-0.00761141
-0.00738078
-0.00712334
-0.0144897
-0.0118491
-0.00964399
-0.00781218
-0.00629843
-0.00505401
-0.0040363
-0.0186657
-0.0185337
-0.0183156
-0.0180147
-0.017635
-0.0171818
-0.0166612
-0.01608
-0.0511608
-0.0367307
-0.0434522
-0.0461009
-0.0330979
-0.0391546
-0.0486801
-0.0413452
-0.0349497
-0.025876
-0.0178872
-0.0215649
-0.0233168
-0.0161181
-0.0194321
-0.0246213
-0.0205193
-0.0170199
-0.0309023
-0.0294039
-0.027846
-0.0407622
-0.0292651
-0.0346204
-0.0353657
-0.0253907
-0.030037
-0.0380582
-0.0323238
-0.0273237
-0.0206166
-0.0142516
-0.0171818
-0.0178872
-0.0123648
-0.0149071
-0.019249
-0.016042
-0.0133062
-0.0246213
-0.022988
-0.0213617
-0.0434522
-0.036905
-0.0311963
-0.0262461
-0.0219772
-0.0183156
-0.0151921
-0.0121329
-0.00807538
-0.00992183
-0.0109329
-0.00727671
-0.00894054
-0.0115446
-0.00944073
-0.00768382
-0.00527398
-0.00337979
-0.00423197
-0.00475237
-0.00304552
-0.00381341
-0.00501825
-0.00402676
-0.00321591
-0.00654152
-0.00622433
-0.00589455
-0.00966685
-0.00643403
-0.00790518
-0.00838706
-0.00558224
-0.00685862
-0.00902558
-0.00738078
-0.00600722
-0.00420202
-0.00269284
-0.0033718
-0.00364572
-0.00233634
-0.00292541
-0.00392328
-0.00314813
-0.0025142
-0.00521193
-0.00486619
-0.00452193
-0.0103048
-0.00842686
-0.00685862
-0.00555587
-0.00447932
-0.00359431
-0.00287054
-0.0147666
-0.0140506
-0.0133062
-0.0125417
-0.0117653
-0.0109848
-0.0102077
-0.0535141
-0.0454508
-0.0384202
-0.0323238
-0.0270663
-0.0225569
-0.01871
-0.0154459
-0.012691
-0.0103782
-0.00844683
-0.00684241
-0.00551656
-0.00442662
-0.00353525
-0.00268647
-0.00266746
-0.00165763
-0.0016459
-0.00211526
-0.00210029
-0.00259277
-0.00159981
-0.00204147
-0.00263608
-0.00207558
-0.00162654
-0.00100362
-0.000996519
-0.000596249
-0.00059203
-0.000775401
-0.000769915
-0.000968613
-0.000575452
-0.000748355
-0.000984795
-0.000760857
-0.000585065
-0.00129287
-0.00128373
-0.00126862
-0.00124778
-0.00247289
-0.00152584
-0.00194709
-0.00231432
-0.001428
-0.00182223
-0.00239796
-0.00188809
-0.00147961
-0.00092383
-0.000548846
-0.000713755
-0.000864591
-0.000513652
-0.000667986
-0.000895838
-0.000692128
-0.000532216
-0.00119009
-0.00115403
-0.00111378
-0.00253812
-0.00199845
-0.00156609
-0.00122148
-0.000948198
-0.000732582
-0.000563323
-0.000347586
-0.000345127
-0.000198827
-0.00019742
-0.00026351
-0.000261645
-0.000335463
-0.000191892
-0.000254319
-0.000341067
-0.000258567
-0.000195097
-0.0001116
-0.00011081
-6.14651e-05
-6.10302e-05
-8.30183e-05
-8.24309e-05
-0.000107707
-5.93212e-05
-8.01226e-05
-0.000109507
-8.14611e-05
-6.03122e-05
-0.000149313
-0.000148256
-0.000146512
-0.000144105
-0.000319953
-0.00018302
-0.00024256
-0.000299436
-0.000171284
-0.000227006
-0.000310258
-0.000235211
-0.000177474
-0.000102727
-5.65785e-05
-7.64182e-05
-9.61401e-05
-5.29505e-05
-7.15179e-05
-9.96147e-05
-7.41027e-05
-5.48641e-05
-0.000137442
-0.000133278
-0.000128629
-0.000328392
-0.000248958
-0.000187847
-0.000141067
-0.000105437
-7.84339e-05
-5.80709e-05
-0.000456324
-0.000453095
-0.000447765
-0.000440407
-0.000431125
-0.000420045
-0.000407318
-0.00039311
-0.00212529
-0.00131137
-0.0016734
-0.00191509
-0.00118167
-0.00150789
-0.00202224
-0.00159226
-0.00124778
-0.000793973
-0.000471698
-0.000613427
-0.000715447
-0.000425046
-0.000552757
-0.000755474
-0.000583682
-0.000448826
-0.0010228
-0.000973209
-0.000921646
-0.00169332
-0.00104483
-0.00133327
-0.00146914
-0.000906502
-0.00115676
-0.00158099
-0.00124483
-0.000975516
-0.000632595
-0.000375824
-0.000488746
-0.000548846
-0.000326069
-0.000424041
-0.000590631
-0.000456324
-0.000350893
-0.000814916
-0.000760857
-0.00070703
-0.00180506
-0.00142126
-0.00111378
-0.000868693
-0.000674341
-0.000520999
-0.000400625
-0.000274979
-0.000157294
-0.000208465
-0.000247783
-0.000141737
-0.000187847
-0.000261645
-0.000198357
-0.000149667
-8.82876e-05
-4.86256e-05
-6.56765e-05
-7.95557e-05
-4.38164e-05
-5.91809e-05
-8.40066e-05
-6.24919e-05
-4.62678e-05
-0.000118123
-0.000112395
-0.00010644
-0.000219088
-0.000125323
-0.000166094
-0.000190083
-0.000108732
-0.000144105
-0.000204555
-0.000155076
-0.00011701
-7.03428e-05
-3.87422e-05
-5.23275e-05
-6.10302e-05
-3.36132e-05
-4.53999e-05
-6.56765e-05
-4.88563e-05
-3.61722e-05
-9.41138e-05
-8.78706e-05
-8.16542e-05
-0.000233546
-0.000177054
-0.000133593
-0.000100325
-7.49848e-05
-5.57807e-05
-4.12989e-05
-0.000361002
-0.000343497
-0.000325298
-0.000306608
-0.000287627
-0.000268547
-0.000249548
-0.00222305
-0.00175037
-0.00137168
-0.00106985
-0.000830493
-0.000641642
-0.000493395
-0.000377607
-0.000287627
-0.000218054
-0.000164529
-0.000123556
-9.23485e-05
-6.86974e-05
-5.08622e-05
-0.00339583
-0.0033718
-0.00333214
-0.00327738
-0.00320831
-0.00312586
-0.00303114
-0.00292541
-0.00281004
-0.00268647
-0.00255621
-0.00242077
-0.00228169
-0.00214044
-0.00199845
-0.00185707
-0.0301082
-0.021616
-0.0255716
-0.0251514
-0.0180574
-0.0213617
-0.0275836
-0.0234275
-0.0198036
-0.0152281
-0.0105266
-0.012691
-0.0127211
-0.00879363
-0.0106017
-0.0139512
-0.0116269
-0.00964399
-0.018186
-0.0166612
-0.0151921
-0.0206166
-0.0148016
-0.0175102
-0.0165825
-0.0119053
-0.0140839
-0.0185337
-0.0157411
-0.0133062
-0.0104274
-0.00720814
-0.00869018
-0.00838706
-0.00579769
-0.00698973
-0.00937393
-0.00781218
-0.00647988
-0.0124529
-0.0111948
-0.0100162
-0.0228254
-0.0193862
-0.0163874
-0.0137871
-0.0115446
-0.00962119
-0.00798038
-0.00714022
-0.00475237
-0.005839
-0.00596472
-0.00396998
-0.00487772
-0.00654152
-0.00534941
-0.00435389
-0.00310374
-0.00198901
-0.00249051
-0.00259277
-0.00166156
-0.0020805
-0.00284349
-0.00228169
-0.00182223
-0.00384969
-0.0035269
-0.00321591
-0.00488928
-0.00325419
-0.00399827
-0.00393257
-0.00261743
-0.00321591
-0.0043953
-0.00359431
-0.00292541
-0.00212529
-0.00136198
-0.00170538
-0.00170943
-0.00109547
-0.00137168
-0.00191057
-0.00153308
-0.00122437
-0.00263608
-0.00236975
-0.00212027
-0.00541309
-0.00442662
-0.00360283
-0.0029185
-0.00235298
-0.00188809
-0.00150789
-0.00869018
-0.00796151
-0.0072595
-0.00658813
-0.00595062
-0.00534941
-0.00478623
-0.0130875
-0.00939615
-0.0111156
-0.0101355
-0.00727671
-0.00860829
-0.0115446
-0.00980511
-0.00828839
-0.00661939
-0.00457576
-0.00551656
-0.00512629
-0.00354363
-0.00427222
-0.005839
-0.00486619
-0.0040363
-0.00790518
-0.0069732
-0.00612205
-0.00770202
-0.00552964
-0.00654152
-0.00574306
-0.00412321
-0.00487772
-0.00666656
-0.00566208
-0.00478623
-0.00389552
-0.00269284
-0.0032465
-0.00290471
-0.00200793
-0.00242077
-0.0033718
-0.00281004
-0.00233081
-0.0046522
-0.00402676
-0.00346894
-0.00885629
-0.00752187
-0.00635834
-0.00534941
-0.00447932
-0.00373304
-0.0030964
-0.00310374
-0.00206578
-0.00253812
-0.00240364
-0.00159981
-0.00196561
-0.00273782
-0.00223889
-0.00182223
-0.00134915
-0.000864591
-0.00108259
-0.00104483
-0.000669569
-0.000838393
-0.00119009
-0.000954955
-0.00076266
-0.0016734
-0.00147611
-0.00129594
-0.00182655
-0.00121571
-0.00149369
-0.00136198
-0.000906502
-0.00111378
-0.00158099
-0.00129287
-0.00105227
-0.000793973
-0.000508812
-0.000637103
-0.00059203
-0.000379399
-0.000475059
-0.000687231
-0.00055145
-0.000440407
-0.000984795
-0.000852399
-0.000734318
-0.00210029
-0.00171754
-0.0013979
-0.00113238
-0.000912962
-0.000732582
-0.000585065
-0.00377748
-0.00333214
-0.00292541
-0.00255621
-0.00222305
-0.00192418
-0.00165763
-0.0147666
-0.0125417
-0.0106017
-0.0089194
-0.00746865
-0.00622433
-0.00516282
-0.00426212
-0.00350194
-0.00286376
-0.00233081
-0.00188809
-0.00152224
-0.00122148
-0.000975516
-0.00125074
-0.000771739
-0.000984795
-0.00104483
-0.000644687
-0.000822667
-0.00114586
-0.000902221
-0.00070703
-0.000467253
-0.000277595
-0.000361002
-0.000390329
-0.000231894
-0.00030157
-0.000428075
-0.000330732
-0.000254319
-0.000601921
-0.00055145
-0.000502826
-0.000856444
-0.00052845
-0.000674341
-0.000688859
-0.000425046
-0.000542389
-0.000769915
-0.00060621
-0.000475059
-0.000319953
-0.000190083
-0.000247197
-0.000257346
-0.000152889
-0.000198827
-0.000287627
-0.000222222
-0.000170879
-0.000412167
-0.000370524
-0.000331516
-0.000948198
-0.000746586
-0.000585065
-0.000456324
-0.000354231
-0.00027368
-0.000210448
-0.000161825
-9.25674e-05
-0.000122682
-0.000135184
-7.73279e-05
-0.000102485
-0.000148256
-0.000112395
-8.48057e-05
-5.19573e-05
-2.86162e-05
-3.86507e-05
-4.34035e-05
-2.39051e-05
-3.22876e-05
-4.76007e-05
-3.54098e-05
-2.62167e-05
-6.95152e-05
-6.36865e-05
-5.80709e-05
-0.00011081
-6.33857e-05
-8.40066e-05
-8.91274e-05
-5.09827e-05
-6.75686e-05
-9.96147e-05
-7.55192e-05
-5.69817e-05
-3.55779e-05
-1.9595e-05
-2.64661e-05
-2.86162e-05
-1.57607e-05
-2.12874e-05
-3.19833e-05
-2.37922e-05
-1.76152e-05
-4.76007e-05
-4.27915e-05
-3.82865e-05
-0.000122682
-9.30066e-05
-7.01765e-05
-5.27004e-05
-3.93895e-05
-2.93016e-05
-2.16943e-05
-0.00021245
-0.000194636
-0.000177474
-0.000161061
-0.000145475
-0.000130778
-0.00011701
-0.000543675
-0.000335463
-0.000428075
-0.000421041
-0.000259794
-0.000331516
-0.000479578
-0.000377607
-0.000295913
-0.000203108
-0.000120666
-0.000156922
-0.000157294
-9.34479e-05
-0.000121526
-0.000179162
-0.000138422
-0.00010644
-0.000261645
-0.000230799
-0.000202627
-0.000319953
-0.00019742
-0.000251922
-0.000238575
-0.000147207
-0.000187847
-0.000276938
-0.000218054
-0.000170879
-0.000119529
-7.10119e-05
-9.23485e-05
-8.91274e-05
-5.29505e-05
-6.88602e-05
-0.000103459
-7.99332e-05
-6.14651e-05
-0.000153978
-0.000133278
-0.000114815
-0.000367903
-0.000289677
-0.000227006
-0.000177054
-0.000137442
-0.000106188
-8.16542e-05
-7.03428e-05
-4.02375e-05
-5.33278e-05
-5.44759e-05
-3.11614e-05
-4.12989e-05
-6.20498e-05
-4.70407e-05
-3.54938e-05
-2.2585e-05
-1.2439e-05
-1.68008e-05
-1.74906e-05
-9.63319e-06
-1.30111e-05
-1.99223e-05
-1.48201e-05
-1.09725e-05
-3.02172e-05
-2.66547e-05
-2.34012e-05
-4.13968e-05
-2.36798e-05
-3.13834e-05
-3.08677e-05
-1.7657e-05
-2.34012e-05
-3.58314e-05
-2.71642e-05
-2.04963e-05
-1.32913e-05
-7.32035e-06
-9.88729e-06
-9.91072e-06
-5.45846e-06
-7.37252e-06
-1.15044e-05
-8.55804e-06
-6.3362e-06
-1.77828e-05
-1.53921e-05
-1.32599e-05
-4.76007e-05
-3.60867e-05
-2.72286e-05
-2.04478e-05
-1.52832e-05
-1.13691e-05
-8.41742e-06
-9.23485e-05
-8.14611e-05
-7.15179e-05
-6.24919e-05
-5.43472e-05
-4.70407e-05
-4.05243e-05
-0.000613427
-0.000482996
-0.000378502
-0.000295214
-0.000229166
-0.000177054
-0.000136147
-0.000104197
-7.93676e-05
-6.01696e-05
-4.53999e-05
-3.4094e-05
-2.54826e-05
-1.89563e-05
-1.40349e-05
-0.00158099
-0.00144843
-0.00132071
-0.00119857
-0.00108259
-0.000973209
-0.000870752
-0.000775401
-0.000687231
-0.00060621
-0.000532216
-0.000465047
-0.000404436
-0.000350063
-0.00030157
-0.0327086
-0.0277802
-0.023483
-0.0197567
-0.0165433
-0.0137871
-0.0114358
-0.00944073
-0.00775691
-0.00634331
-0.00516282
-0.00418218
-0.0033718
-0.00270562
-0.0021608
-0.00171754
-0.00135876
-0.00106985
-0.000838393
-0.000653908
-0.000507609
-0.000392181
-0.00030157
-0.000230799
-0.000175802
-0.000133278
-0.000100562
-7.55192e-05
-5.64447e-05
-4.19888e-05
-3.10877e-05
-0.075783
-0.0752468
-0.0743615
-0.0731397
-0.0715981
-0.0697581
-0.0676444
-0.0652849
-0.0627102
-0.0599526
-0.0570455
-0.0540231
-0.0509192
-0.047767
-0.0445983
-0.0414432
-0.0383294
-0.0352821
-0.0323238
-0.0294736
-0.0267478
-0.0241595
-0.0217186
-0.0194321
-0.0173042
-0.0153366
-0.0135285
-0.0118772
-0.0103782
-0.00902558
-0.00781218
-0.00672998
-0.0646698
-0.0642122
-0.0464294
-0.0461009
-0.0549256
-0.054537
-0.0624141
-0.0448099
-0.0530098
-0.0634568
-0.0538954
-0.0455585
-0.0327086
-0.0324771
-0.0226103
-0.0224503
-0.0272591
-0.0270663
-0.0315677
-0.0218217
-0.0263083
-0.0320951
-0.0267478
-0.0221862
-0.0390621
-0.0387857
-0.0383294
-0.0376996
-0.0595284
-0.0557112
-0.0577246
-0.0427382
-0.0399976
-0.0414432
-0.0505589
-0.049027
-0.0473169
-0.0301082
-0.0281775
-0.0291959
-0.0208128
-0.0194782
-0.0201821
-0.025092
-0.0243317
-0.023483
-0.0359566
-0.0348671
-0.0336509
-0.0610986
-0.0518926
-0.0438655
-0.036905
-0.0309023
-0.0257538
-0.0213617
-0.0153366
-0.0152281
-0.0102077
-0.0101355
-0.0125417
-0.0124529
-0.0148016
-0.00985163
-0.0121042
-0.0150489
-0.0123064
-0.0100162
-0.00666656
-0.00661939
-0.00427222
-0.00424199
-0.00534941
-0.00531156
-0.00643403
-0.00412321
-0.00516282
-0.00654152
-0.00524907
-0.00419209
-0.0082688
-0.00821029
-0.0081137
-0.00798038
-0.0141173
-0.013212
-0.0136895
-0.00939615
-0.00879363
-0.00911144
-0.0115446
-0.0111948
-0.0108043
-0.00613656
-0.00574306
-0.00595062
-0.00393257
-0.0036804
-0.00381341
-0.00492412
-0.00477492
-0.00460837
-0.00761141
-0.00738078
-0.00712334
-0.0144897
-0.0118491
-0.00964399
-0.00781218
-0.00629843
-0.00505401
-0.0040363
-0.0186657
-0.0185337
-0.0183156
-0.0180147
-0.017635
-0.0171818
-0.0166612
-0.01608
-0.0511608
-0.0461009
-0.0486801
-0.0367307
-0.0330979
-0.0349497
-0.0434522
-0.0413452
-0.0391546
-0.0407622
-0.0353657
-0.0380582
-0.0292651
-0.0253907
-0.0273237
-0.0346204
-0.0323238
-0.030037
-0.0434522
-0.036905
-0.0311963
-0.025876
-0.0233168
-0.0246213
-0.0178872
-0.0161181
-0.0170199
-0.0215649
-0.0205193
-0.0194321
-0.0206166
-0.0178872
-0.019249
-0.0142516
-0.0123648
-0.0133062
-0.0171818
-0.016042
-0.0149071
-0.0219772
-0.0183156
-0.0151921
-0.0309023
-0.0294039
-0.027846
-0.0262461
-0.0246213
-0.022988
-0.0213617
-0.0121329
-0.0109329
-0.0115446
-0.00807538
-0.00727671
-0.00768382
-0.00992183
-0.00944073
-0.00894054
-0.00966685
-0.00838706
-0.00902558
-0.00643403
-0.00558224
-0.00600722
-0.00790518
-0.00738078
-0.00685862
-0.0103048
-0.00842686
-0.00685862
-0.00527398
-0.00475237
-0.00501825
-0.00337979
-0.00304552
-0.00321591
-0.00423197
-0.00402676
-0.00381341
-0.00420202
-0.00364572
-0.00392328
-0.00269284
-0.00233634
-0.0025142
-0.0033718
-0.00314813
-0.00292541
-0.00447932
-0.00359431
-0.00287054
-0.00654152
-0.00622433
-0.00589455
-0.00555587
-0.00521193
-0.00486619
-0.00452193
-0.0147666
-0.0140506
-0.0133062
-0.0125417
-0.0117653
-0.0109848
-0.0102077
-0.0535141
-0.0454508
-0.0384202
-0.0323238
-0.0270663
-0.0225569
-0.01871
-0.0154459
-0.012691
-0.0103782
-0.00844683
-0.00684241
-0.00551656
-0.00442662
-0.00353525
-0.00268647
-0.00266746
-0.00165763
-0.0016459
-0.00211526
-0.00210029
-0.00259277
-0.00159981
-0.00204147
-0.00263608
-0.00207558
-0.00162654
-0.00100362
-0.000996519
-0.000596249
-0.00059203
-0.000775401
-0.000769915
-0.000968613
-0.000575452
-0.000748355
-0.000984795
-0.000760857
-0.000585065
-0.00129287
-0.00128373
-0.00126862
-0.00124778
-0.00247289
-0.00231432
-0.00239796
-0.00152584
-0.001428
-0.00147961
-0.00194709
-0.00188809
-0.00182223
-0.00092383
-0.000864591
-0.000895838
-0.000548846
-0.000513652
-0.000532216
-0.000713755
-0.000692128
-0.000667986
-0.00119009
-0.00115403
-0.00111378
-0.00253812
-0.00199845
-0.00156609
-0.00122148
-0.000948198
-0.000732582
-0.000563323
-0.000347586
-0.000345127
-0.000198827
-0.00019742
-0.00026351
-0.000261645
-0.000335463
-0.000191892
-0.000254319
-0.000341067
-0.000258567
-0.000195097
-0.0001116
-0.00011081
-6.14651e-05
-6.10302e-05
-8.30183e-05
-8.24309e-05
-0.000107707
-5.93212e-05
-8.01226e-05
-0.000109507
-8.14611e-05
-6.03122e-05
-0.000149313
-0.000148256
-0.000146512
-0.000144105
-0.000319953
-0.000299436
-0.000310258
-0.00018302
-0.000171284
-0.000177474
-0.00024256
-0.000235211
-0.000227006
-0.000102727
-9.61401e-05
-9.96147e-05
-5.65785e-05
-5.29505e-05
-5.48641e-05
-7.64182e-05
-7.41027e-05
-7.15179e-05
-0.000137442
-0.000133278
-0.000128629
-0.000328392
-0.000248958
-0.000187847
-0.000141067
-0.000105437
-7.84339e-05
-5.80709e-05
-0.000456324
-0.000453095
-0.000447765
-0.000440407
-0.000431125
-0.000420045
-0.000407318
-0.00039311
-0.00212529
-0.00191509
-0.00202224
-0.00131137
-0.00118167
-0.00124778
-0.0016734
-0.00159226
-0.00150789
-0.00169332
-0.00146914
-0.00158099
-0.00104483
-0.000906502
-0.000975516
-0.00133327
-0.00124483
-0.00115676
-0.00180506
-0.00142126
-0.00111378
-0.000793973
-0.000715447
-0.000755474
-0.000471698
-0.000425046
-0.000448826
-0.000613427
-0.000583682
-0.000552757
-0.000632595
-0.000548846
-0.000590631
-0.000375824
-0.000326069
-0.000350893
-0.000488746
-0.000456324
-0.000424041
-0.000674341
-0.000520999
-0.000400625
-0.0010228
-0.000973209
-0.000921646
-0.000868693
-0.000814916
-0.000760857
-0.00070703
-0.000274979
-0.000247783
-0.000261645
-0.000157294
-0.000141737
-0.000149667
-0.000208465
-0.000198357
-0.000187847
-0.000219088
-0.000190083
-0.000204555
-0.000125323
-0.000108732
-0.00011701
-0.000166094
-0.000155076
-0.000144105
-0.000233546
-0.000177054
-0.000133593
-8.82876e-05
-7.95557e-05
-8.40066e-05
-4.86256e-05
-4.38164e-05
-4.62678e-05
-6.56765e-05
-6.24919e-05
-5.91809e-05
-7.03428e-05
-6.10302e-05
-6.56765e-05
-3.87422e-05
-3.36132e-05
-3.61722e-05
-5.23275e-05
-4.88563e-05
-4.53999e-05
-7.49848e-05
-5.57807e-05
-4.12989e-05
-0.000118123
-0.000112395
-0.00010644
-0.000100325
-9.41138e-05
-8.78706e-05
-8.16542e-05
-0.000361002
-0.000343497
-0.000325298
-0.000306608
-0.000287627
-0.000268547
-0.000249548
-0.00222305
-0.00175037
-0.00137168
-0.00106985
-0.000830493
-0.000641642
-0.000493395
-0.000377607
-0.000287627
-0.000218054
-0.000164529
-0.000123556
-9.23485e-05
-6.86974e-05
-5.08622e-05
-0.00339583
-0.0033718
-0.00333214
-0.00327738
-0.00320831
-0.00312586
-0.00303114
-0.00292541
-0.00281004
-0.00268647
-0.00255621
-0.00242077
-0.00228169
-0.00214044
-0.00199845
-0.00185707
-0.0301082
-0.0251514
-0.0275836
-0.021616
-0.0180574
-0.0198036
-0.0255716
-0.0234275
-0.0213617
-0.0206166
-0.0165825
-0.0185337
-0.0148016
-0.0119053
-0.0133062
-0.0175102
-0.0157411
-0.0140839
-0.0228254
-0.0193862
-0.0163874
-0.0152281
-0.0127211
-0.0139512
-0.0105266
-0.00879363
-0.00964399
-0.012691
-0.0116269
-0.0106017
-0.0104274
-0.00838706
-0.00937393
-0.00720814
-0.00579769
-0.00647988
-0.00869018
-0.00781218
-0.00698973
-0.0115446
-0.00962119
-0.00798038
-0.018186
-0.0166612
-0.0151921
-0.0137871
-0.0124529
-0.0111948
-0.0100162
-0.0130875
-0.0101355
-0.0115446
-0.00939615
-0.00727671
-0.00828839
-0.0111156
-0.00980511
-0.00860829
-0.00770202
-0.00574306
-0.00666656
-0.00552964
-0.00412321
-0.00478623
-0.00654152
-0.00566208
-0.00487772
-0.00885629
-0.00752187
-0.00635834
-0.00661939
-0.00512629
-0.005839
-0.00457576
-0.00354363
-0.0040363
-0.00551656
-0.00486619
-0.00427222
-0.00389552
-0.00290471
-0.0033718
-0.00269284
-0.00200793
-0.00233081
-0.0032465
-0.00281004
-0.00242077
-0.00447932
-0.00373304
-0.0030964
-0.00790518
-0.0069732
-0.00612205
-0.00534941
-0.0046522
-0.00402676
-0.00346894
-0.0147666
-0.0125417
-0.0106017
-0.0089194
-0.00746865
-0.00622433
-0.00516282
-0.00714022
-0.00596472
-0.00654152
-0.00475237
-0.00396998
-0.00435389
-0.005839
-0.00534941
-0.00487772
-0.00488928
-0.00393257
-0.0043953
-0.00325419
-0.00261743
-0.00292541
-0.00399827
-0.00359431
-0.00321591
-0.00541309
-0.00442662
-0.00360283
-0.00310374
-0.00259277
-0.00284349
-0.00198901
-0.00166156
-0.00182223
-0.00249051
-0.00228169
-0.0020805
-0.00212529
-0.00170943
-0.00191057
-0.00136198
-0.00109547
-0.00122437
-0.00170538
-0.00153308
-0.00137168
-0.00235298
-0.00188809
-0.00150789
-0.00384969
-0.0035269
-0.00321591
-0.0029185
-0.00263608
-0.00236975
-0.00212027
-0.00310374
-0.00240364
-0.00273782
-0.00206578
-0.00159981
-0.00182223
-0.00253812
-0.00223889
-0.00196561
-0.00182655
-0.00136198
-0.00158099
-0.00121571
-0.000906502
-0.00105227
-0.00149369
-0.00129287
-0.00111378
-0.00210029
-0.00171754
-0.0013979
-0.00134915
-0.00104483
-0.00119009
-0.000864591
-0.000669569
-0.00076266
-0.00108259
-0.000954955
-0.000838393
-0.000793973
-0.00059203
-0.000687231
-0.000508812
-0.000379399
-0.000440407
-0.000637103
-0.00055145
-0.000475059
-0.000912962
-0.000732582
-0.000585065
-0.0016734
-0.00147611
-0.00129594
-0.00113238
-0.000984795
-0.000852399
-0.000734318
-0.00350194
-0.00286376
-0.00233081
-0.00188809
-0.00152224
-0.00122148
-0.000975516
-0.00869018
-0.00796151
-0.0072595
-0.00658813
-0.00595062
-0.00534941
-0.00478623
-0.00426212
-0.00377748
-0.00333214
-0.00292541
-0.00255621
-0.00222305
-0.00192418
-0.00165763
-0.00125074
-0.00104483
-0.00114586
-0.000771739
-0.000644687
-0.00070703
-0.000984795
-0.000902221
-0.000822667
-0.000856444
-0.000688859
-0.000769915
-0.00052845
-0.000425046
-0.000475059
-0.000674341
-0.00060621
-0.000542389
-0.000948198
-0.000746586
-0.000585065
-0.000467253
-0.000390329
-0.000428075
-0.000277595
-0.000231894
-0.000254319
-0.000361002
-0.000330732
-0.00030157
-0.000319953
-0.000257346
-0.000287627
-0.000190083
-0.000152889
-0.000170879
-0.000247197
-0.000222222
-0.000198827
-0.000354231
-0.00027368
-0.000210448
-0.000601921
-0.00055145
-0.000502826
-0.000456324
-0.000412167
-0.000370524
-0.000331516
-0.000543675
-0.000421041
-0.000479578
-0.000335463
-0.000259794
-0.000295913
-0.000428075
-0.000377607
-0.000331516
-0.000319953
-0.000238575
-0.000276938
-0.00019742
-0.000147207
-0.000170879
-0.000251922
-0.000218054
-0.000187847
-0.000367903
-0.000289677
-0.000227006
-0.000203108
-0.000157294
-0.000179162
-0.000120666
-9.34479e-05
-0.00010644
-0.000156922
-0.000138422
-0.000121526
-0.000119529
-8.91274e-05
-0.000103459
-7.10119e-05
-5.29505e-05
-6.14651e-05
-9.23485e-05
-7.99332e-05
-6.88602e-05
-0.000137442
-0.000106188
-8.16542e-05
-0.000261645
-0.000230799
-0.000202627
-0.000177054
-0.000153978
-0.000133278
-0.000114815
-0.000613427
-0.000482996
-0.000378502
-0.000295214
-0.000229166
-0.000177054
-0.000136147
-0.000161825
-0.000135184
-0.000148256
-9.25674e-05
-7.73279e-05
-8.48057e-05
-0.000122682
-0.000112395
-0.000102485
-0.00011081
-8.91274e-05
-9.96147e-05
-6.33857e-05
-5.09827e-05
-5.69817e-05
-8.40066e-05
-7.55192e-05
-6.75686e-05
-0.000122682
-9.30066e-05
-7.01765e-05
-5.19573e-05
-4.34035e-05
-4.76007e-05
-2.86162e-05
-2.39051e-05
-2.62167e-05
-3.86507e-05
-3.54098e-05
-3.22876e-05
-3.55779e-05
-2.86162e-05
-3.19833e-05
-1.9595e-05
-1.57607e-05
-1.76152e-05
-2.64661e-05
-2.37922e-05
-2.12874e-05
-3.93895e-05
-2.93016e-05
-2.16943e-05
-6.95152e-05
-6.36865e-05
-5.80709e-05
-5.27004e-05
-4.76007e-05
-4.27915e-05
-3.82865e-05
-7.03428e-05
-5.44759e-05
-6.20498e-05
-4.02375e-05
-3.11614e-05
-3.54938e-05
-5.33278e-05
-4.70407e-05
-4.12989e-05
-4.13968e-05
-3.08677e-05
-3.58314e-05
-2.36798e-05
-1.7657e-05
-2.04963e-05
-3.13834e-05
-2.71642e-05
-2.34012e-05
-4.76007e-05
-3.60867e-05
-2.72286e-05
-2.2585e-05
-1.74906e-05
-1.99223e-05
-1.2439e-05
-9.63319e-06
-1.09725e-05
-1.68008e-05
-1.48201e-05
-1.30111e-05
-1.32913e-05
-9.91072e-06
-1.15044e-05
-7.32035e-06
-5.45846e-06
-6.3362e-06
-9.88729e-06
-8.55804e-06
-7.37252e-06
-1.52832e-05
-1.13691e-05
-8.41742e-06
-3.02172e-05
-2.66547e-05
-2.34012e-05
-2.04478e-05
-1.77828e-05
-1.53921e-05
-1.32599e-05
-7.93676e-05
-6.01696e-05
-4.53999e-05
-3.4094e-05
-2.54826e-05
-1.89563e-05
-1.40349e-05
-0.00021245
-0.000194636
-0.000177474
-0.000161061
-0.000145475
-0.000130778
-0.00011701
-0.000104197
-9.23485e-05
-8.14611e-05
-7.15179e-05
-6.24919e-05
-5.43472e-05
-4.70407e-05
-4.05243e-05
-0.00158099
-0.00144843
-0.00132071
-0.00119857
-0.00108259
-0.000973209
-0.000870752
-0.000775401
-0.000687231
-0.00060621
-0.000532216
-0.000465047
-0.000404436
-0.000350063
-0.00030157
-0.0327086
-0.0277802
-0.023483
-0.0197567
-0.0165433
-0.0137871
-0.0114358
-0.00944073
-0.00775691
-0.00634331
-0.00516282
-0.00418218
-0.0033718
-0.00270562
-0.0021608
-0.00171754
-0.00135876
-0.00106985
-0.000838393
-0.000653908
-0.000507609
-0.000392181
-0.00030157
-0.000230799
-0.000175802
-0.000133278
-0.000100562
-7.55192e-05
-5.64447e-05
-4.19888e-05
-3.10877e-05
-0.00420202
-0.00301683
-0.00356888
-0.00301683
-0.00216592
-0.00256226
-0.00356888
-0.00303114
-0.00256226
-0.00212529
-0.00146914
-0.00177121
-0.00152584
-0.00105476
-0.00127163
-0.00180506
-0.00150433
-0.00124778
-0.00253812
-0.00215569
-0.00182223
-0.00212529
-0.00152584
-0.00180506
-0.00146914
-0.00105476
-0.00124778
-0.00177121
-0.00150433
-0.00127163
-0.00107493
-0.00074306
-0.000895838
-0.00074306
-0.000513652
-0.000619262
-0.000895838
-0.000746586
-0.000619262
-0.00128373
-0.00106985
-0.000887396
-0.00253812
-0.00215569
-0.00182223
-0.00153308
-0.00128373
-0.00106985
-0.000887396
-0.000996519
-0.00066326
-0.000814916
-0.000715447
-0.000476185
-0.000585065
-0.000846368
-0.000692128
-0.000563323
-0.000433171
-0.000277595
-0.000347586
-0.000310993
-0.000199298
-0.000249548
-0.000367903
-0.000295214
-0.000235768
-0.000537278
-0.000456324
-0.000385737
-0.000504018
-0.000335463
-0.000412167
-0.00034841
-0.000231894
-0.000284917
-0.000420045
-0.000343497
-0.000279573
-0.000219088
-0.000140401
-0.000175802
-0.000151448
-9.70546e-05
-0.000121526
-0.000182587
-0.000146512
-0.00011701
-0.000271744
-0.00022647
-0.000187847
-0.000601921
-0.000492228
-0.000400625
-0.000324529
-0.000261645
-0.00020995
-0.000167674
-0.00121284
-0.00103009
-0.000870752
-0.000732582
-0.000613427
-0.000511226
-0.000424041
-0.000996519
-0.000715447
-0.000846368
-0.00066326
-0.000476185
-0.000563323
-0.000814916
-0.000692128
-0.000585065
-0.000504018
-0.00034841
-0.000420045
-0.000335463
-0.000231894
-0.000279573
-0.000412167
-0.000343497
-0.000284917
-0.000601921
-0.000492228
-0.000400625
-0.000433171
-0.000310993
-0.000367903
-0.000277595
-0.000199298
-0.000235768
-0.000347586
-0.000295214
-0.000249548
-0.000219088
-0.000151448
-0.000182587
-0.000140401
-9.70546e-05
-0.00011701
-0.000175802
-0.000146512
-0.000121526
-0.000261645
-0.00020995
-0.000167674
-0.000537278
-0.000456324
-0.000385737
-0.000324529
-0.000271744
-0.00022647
-0.000187847
-0.000236327
-0.000157294
-0.000193259
-0.000157294
-0.000104691
-0.000128629
-0.000193259
-0.00015804
-0.000128629
-0.000102727
-6.58321e-05
-8.24309e-05
-6.8373e-05
-4.38164e-05
-5.48641e-05
-8.40066e-05
-6.74089e-05
-5.38351e-05
-0.000127417
-0.000104197
-8.48057e-05
-0.000102727
-6.8373e-05
-8.40066e-05
-6.58321e-05
-4.38164e-05
-5.38351e-05
-8.24309e-05
-6.74089e-05
-5.48641e-05
-4.46539e-05
-2.86162e-05
-3.58314e-05
-2.86162e-05
-1.83385e-05
-2.29623e-05
-3.58314e-05
-2.8752e-05
-2.29623e-05
-5.5386e-05
-4.44431e-05
-3.54938e-05
-0.000127417
-0.000104197
-8.48057e-05
-6.86974e-05
-5.5386e-05
-4.44431e-05
-3.54938e-05
-0.000287627
-0.000235211
-0.000191438
-0.000155076
-0.000125027
-0.000100325
-8.01226e-05
-0.00121284
-0.00103009
-0.000870752
-0.000732582
-0.000613427
-0.000511226
-0.000424041
-0.000350063
-0.000287627
-0.000235211
-0.000191438
-0.000155076
-0.000125027
-0.000100325
-8.01226e-05
-0.000174558
-0.000107707
-0.000137442
-0.000125323
-7.73279e-05
-9.8676e-05
-0.000148256
-0.000116733
-9.14783e-05
-6.52118e-05
-3.87422e-05
-5.03829e-05
-4.68186e-05
-2.78148e-05
-3.61722e-05
-5.5386e-05
-4.27915e-05
-3.29048e-05
-8.40066e-05
-7.13489e-05
-6.03122e-05
-8.82876e-05
-5.44759e-05
-6.95152e-05
-6.10302e-05
-3.76574e-05
-4.80535e-05
-7.35783e-05
-5.79336e-05
-4.53999e-05
-3.29827e-05
-1.9595e-05
-2.54826e-05
-2.27998e-05
-1.35453e-05
-1.76152e-05
-2.74876e-05
-2.1237e-05
-1.63304e-05
-4.24887e-05
-3.54098e-05
-2.9371e-05
-0.000105437
-8.30183e-05
-6.50577e-05
-5.0742e-05
-3.93895e-05
-3.04325e-05
-2.34012e-05
-2.2585e-05
-1.29191e-05
-1.7122e-05
-1.62148e-05
-9.27521e-06
-1.22927e-05
-1.9182e-05
-1.45421e-05
-1.09725e-05
-7.25137e-06
-3.99379e-06
-5.39425e-06
-5.2061e-06
-2.86733e-06
-3.87278e-06
-6.15877e-06
-4.58147e-06
-3.39203e-06
-9.70184e-06
-8.24001e-06
-6.9654e-06
-1.1423e-05
-6.53419e-06
-8.65992e-06
-7.89633e-06
-4.51687e-06
-5.98631e-06
-9.51986e-06
-7.21713e-06
-5.44556e-06
-3.66759e-06
-2.01997e-06
-2.72829e-06
-2.53528e-06
-1.39634e-06
-1.88598e-06
-3.05655e-06
-2.27374e-06
-1.68343e-06
-4.90698e-06
-4.08945e-06
-3.39203e-06
-1.36419e-05
-1.03421e-05
-7.80343e-06
-5.86014e-06
-4.38e-06
-3.25825e-06
-2.41235e-06
-2.96504e-05
-2.51828e-05
-2.12874e-05
-1.79095e-05
-1.49965e-05
-1.2498e-05
-1.03666e-05
-4.13968e-05
-2.5543e-05
-3.25947e-05
-2.75527e-05
-1.70008e-05
-2.16943e-05
-3.38527e-05
-2.66547e-05
-2.08881e-05
-1.54651e-05
-9.18781e-06
-1.19484e-05
-1.02932e-05
-6.1152e-06
-7.9526e-06
-1.26468e-05
-9.77097e-06
-7.51344e-06
-1.99223e-05
-1.62917e-05
-1.32599e-05
-1.79945e-05
-1.11031e-05
-1.41684e-05
-1.15317e-05
-7.11536e-06
-9.07972e-06
-1.44392e-05
-1.13691e-05
-8.90941e-06
-6.72244e-06
-3.99379e-06
-5.19379e-06
-4.30803e-06
-2.5594e-06
-3.3284e-06
-5.39425e-06
-4.16762e-06
-3.20471e-06
-8.65992e-06
-6.94893e-06
-5.54965e-06
-2.23193e-05
-1.75736e-05
-1.37716e-05
-1.07412e-05
-8.33811e-06
-6.44206e-06
-4.95366e-06
-5.35608e-06
-3.06379e-06
-4.06051e-06
-3.56489e-06
-2.03919e-06
-2.70259e-06
-4.38e-06
-3.32054e-06
-2.50545e-06
-1.71968e-06
-9.47137e-07
-1.27926e-06
-1.14458e-06
-6.30393e-07
-8.51445e-07
-1.40629e-06
-1.04613e-06
-7.74533e-07
-2.30081e-06
-1.88152e-06
-1.53137e-06
-2.3282e-06
-1.33178e-06
-1.76504e-06
-1.49201e-06
-8.53462e-07
-1.13111e-06
-1.8682e-06
-1.41631e-06
-1.06865e-06
-7.47517e-07
-4.11705e-07
-5.56073e-07
-4.79041e-07
-2.63838e-07
-3.56355e-07
-5.99825e-07
-4.46206e-07
-3.30362e-07
-1.00013e-06
-8.02525e-07
-6.40924e-07
-2.88776e-06
-2.18925e-06
-1.65186e-06
-1.2405e-06
-9.27174e-07
-6.89719e-07
-5.10654e-07
-7.03165e-06
-5.75022e-06
-4.68011e-06
-3.79115e-06
-3.05655e-06
-2.45265e-06
-1.95877e-06
-5.03829e-05
-3.96702e-05
-3.10877e-05
-2.4247e-05
-1.88222e-05
-1.45421e-05
-1.11822e-05
-8.55804e-06
-6.51875e-06
-4.94195e-06
-3.72886e-06
-2.80026e-06
-2.09298e-06
-1.55695e-06
-1.15274e-06
-0.00022065
-0.000187403
-0.000158414
-0.000133278
-0.0001116
-9.30066e-05
-7.71451e-05
-6.36865e-05
-5.23275e-05
-4.27915e-05
-3.4828e-05
-2.82127e-05
-2.27459e-05
-1.82519e-05
-1.45766e-05
-0.000174558
-0.000125323
-0.000148256
-0.000107707
-7.73279e-05
-9.14783e-05
-0.000137442
-0.000116733
-9.8676e-05
-8.82876e-05
-6.10302e-05
-7.35783e-05
-5.44759e-05
-3.76574e-05
-4.53999e-05
-6.95152e-05
-5.79336e-05
-4.80535e-05
-0.000105437
-8.30183e-05
-6.50577e-05
-6.52118e-05
-4.68186e-05
-5.5386e-05
-3.87422e-05
-2.78148e-05
-3.29048e-05
-5.03829e-05
-4.27915e-05
-3.61722e-05
-3.29827e-05
-2.27998e-05
-2.74876e-05
-1.9595e-05
-1.35453e-05
-1.63304e-05
-2.54826e-05
-2.1237e-05
-1.76152e-05
-3.93895e-05
-3.04325e-05
-2.34012e-05
-8.40066e-05
-7.13489e-05
-6.03122e-05
-5.0742e-05
-4.24887e-05
-3.54098e-05
-2.9371e-05
-4.13968e-05
-2.75527e-05
-3.38527e-05
-2.5543e-05
-1.70008e-05
-2.08881e-05
-3.25947e-05
-2.66547e-05
-2.16943e-05
-1.79945e-05
-1.15317e-05
-1.44392e-05
-1.11031e-05
-7.11536e-06
-8.90941e-06
-1.41684e-05
-1.13691e-05
-9.07972e-06
-2.23193e-05
-1.75736e-05
-1.37716e-05
-1.54651e-05
-1.02932e-05
-1.26468e-05
-9.18781e-06
-6.1152e-06
-7.51344e-06
-1.19484e-05
-9.77097e-06
-7.9526e-06
-6.72244e-06
-4.30803e-06
-5.39425e-06
-3.99379e-06
-2.5594e-06
-3.20471e-06
-5.19379e-06
-4.16762e-06
-3.3284e-06
-8.33811e-06
-6.44206e-06
-4.95366e-06
-1.99223e-05
-1.62917e-05
-1.32599e-05
-1.07412e-05
-8.65992e-06
-6.94893e-06
-5.54965e-06
-5.03829e-05
-3.96702e-05
-3.10877e-05
-2.4247e-05
-1.88222e-05
-1.45421e-05
-1.11822e-05
-2.2585e-05
-1.62148e-05
-1.9182e-05
-1.29191e-05
-9.27521e-06
-1.09725e-05
-1.7122e-05
-1.45421e-05
-1.22927e-05
-1.1423e-05
-7.89633e-06
-9.51986e-06
-6.53419e-06
-4.51687e-06
-5.44556e-06
-8.65992e-06
-7.21713e-06
-5.98631e-06
-1.36419e-05
-1.03421e-05
-7.80343e-06
-7.25137e-06
-5.2061e-06
-6.15877e-06
-3.99379e-06
-2.86733e-06
-3.39203e-06
-5.39425e-06
-4.58147e-06
-3.87278e-06
-3.66759e-06
-2.53528e-06
-3.05655e-06
-2.01997e-06
-1.39634e-06
-1.68343e-06
-2.72829e-06
-2.27374e-06
-1.88598e-06
-4.38e-06
-3.25825e-06
-2.41235e-06
-9.70184e-06
-8.24001e-06
-6.9654e-06
-5.86014e-06
-4.90698e-06
-4.08945e-06
-3.39203e-06
-5.35608e-06
-3.56489e-06
-4.38e-06
-3.06379e-06
-2.03919e-06
-2.50545e-06
-4.06051e-06
-3.32054e-06
-2.70259e-06
-2.3282e-06
-1.49201e-06
-1.8682e-06
-1.33178e-06
-8.53462e-07
-1.06865e-06
-1.76504e-06
-1.41631e-06
-1.13111e-06
-2.88776e-06
-2.18925e-06
-1.65186e-06
-1.71968e-06
-1.14458e-06
-1.40629e-06
-9.47137e-07
-6.30393e-07
-7.74533e-07
-1.27926e-06
-1.04613e-06
-8.51445e-07
-7.47517e-07
-4.79041e-07
-5.99825e-07
-4.11705e-07
-2.63838e-07
-3.30362e-07
-5.56073e-07
-4.46206e-07
-3.56355e-07
-9.27174e-07
-6.89719e-07
-5.10654e-07
-2.30081e-06
-1.88152e-06
-1.53137e-06
-1.2405e-06
-1.00013e-06
-8.02525e-07
-6.40924e-07
-6.51875e-06
-4.94195e-06
-3.72886e-06
-2.80026e-06
-2.09298e-06
-1.55695e-06
-1.15274e-06
-2.96504e-05
-2.51828e-05
-2.12874e-05
-1.79095e-05
-1.49965e-05
-1.2498e-05
-1.03666e-05
-8.55804e-06
-7.03165e-06
-5.75022e-06
-4.68011e-06
-3.79115e-06
-3.05655e-06
-2.45265e-06
-1.95877e-06
-7.25137e-06
-4.4743e-06
-5.70954e-06
-4.4743e-06
-2.76077e-06
-3.52295e-06
-5.70954e-06
-4.49553e-06
-3.52295e-06
-2.70899e-06
-1.60941e-06
-2.09298e-06
-1.67152e-06
-9.9305e-07
-1.29143e-06
-2.13298e-06
-1.64795e-06
-1.2672e-06
-3.48975e-06
-2.74773e-06
-2.15327e-06
-2.70899e-06
-1.67152e-06
-2.13298e-06
-1.60941e-06
-9.9305e-07
-1.2672e-06
-2.09298e-06
-1.64795e-06
-1.29143e-06
-1.01203e-06
-6.01247e-07
-7.819e-07
-6.01247e-07
-3.572e-07
-4.64526e-07
-7.819e-07
-6.041e-07
-4.64526e-07
-1.30371e-06
-1.00725e-06
-7.74533e-07
-3.48975e-06
-2.74773e-06
-2.15327e-06
-1.67945e-06
-1.30371e-06
-1.00725e-06
-7.74533e-07
-9.38212e-07
-5.36677e-07
-7.11271e-07
-5.78903e-07
-3.31145e-07
-4.38874e-07
-7.38723e-07
-5.60035e-07
-4.22565e-07
-3.01232e-07
-1.65908e-07
-2.24085e-07
-1.85869e-07
-1.0237e-07
-1.38267e-07
-2.37182e-07
-1.76438e-07
-1.30631e-07
-4.03028e-07
-3.17333e-07
-2.4868e-07
-3.505e-07
-2.00493e-07
-2.65718e-07
-2.08232e-07
-1.19113e-07
-1.57863e-07
-2.70798e-07
-2.05295e-07
-1.54902e-07
-1.12535e-07
-6.19803e-08
-8.37141e-08
-6.6857e-08
-3.68224e-08
-4.97344e-08
-8.69452e-08
-6.46779e-08
-4.78862e-08
-1.50564e-07
-1.16327e-07
-8.945e-08
-4.51518e-07
-3.42301e-07
-2.58278e-07
-1.93959e-07
-1.44969e-07
-1.07841e-07
-7.98437e-08
-1.23172e-06
-9.69821e-07
-7.60005e-07
-5.92769e-07
-4.60149e-07
-3.55513e-07
-2.73374e-07
-9.38212e-07
-5.78903e-07
-7.38723e-07
-5.36677e-07
-3.31145e-07
-4.22565e-07
-7.11271e-07
-5.60035e-07
-4.38874e-07
-3.505e-07
-2.08232e-07
-2.70798e-07
-2.00493e-07
-1.19113e-07
-1.54902e-07
-2.65718e-07
-2.05295e-07
-1.57863e-07
-4.51518e-07
-3.42301e-07
-2.58278e-07
-3.01232e-07
-1.85869e-07
-2.37182e-07
-1.65908e-07
-1.0237e-07
-1.30631e-07
-2.24085e-07
-1.76438e-07
-1.38267e-07
-1.12535e-07
-6.6857e-08
-8.69452e-08
-6.19803e-08
-3.68224e-08
-4.78862e-08
-8.37141e-08
-6.46779e-08
-4.97344e-08
-1.44969e-07
-1.07841e-07
-7.98437e-08
-4.03028e-07
-3.17333e-07
-2.4868e-07
-1.93959e-07
-1.50564e-07
-1.16327e-07
-8.945e-08
-1.2139e-07
-6.94374e-08
-9.2027e-08
-6.94374e-08
-3.97196e-08
-5.26414e-08
-9.2027e-08
-6.97669e-08
-5.26414e-08
-3.89746e-08
-2.14658e-08
-2.8993e-08
-2.22943e-08
-1.22789e-08
-1.65846e-08
-2.95472e-08
-2.19799e-08
-1.62735e-08
-5.21454e-08
-3.95321e-08
-2.98282e-08
-3.89746e-08
-2.22943e-08
-2.95472e-08
-2.14658e-08
-1.22789e-08
-1.62735e-08
-2.8993e-08
-2.19799e-08
-1.65846e-08
-1.25136e-08
-6.89204e-09
-9.30878e-09
-6.89204e-09
-3.79588e-09
-5.12694e-09
-9.30878e-09
-6.92474e-09
-5.12694e-09
-1.67423e-08
-1.24545e-08
-9.22107e-09
-5.21454e-08
-3.95321e-08
-2.98282e-08
-2.24001e-08
-1.67423e-08
-1.24545e-08
-9.22107e-09
-1.59365e-07
-1.20816e-07
-9.11599e-08
-6.84583e-08
-5.11673e-08
-3.8063e-08
-2.81811e-08
-1.23172e-06
-9.69821e-07
-7.60005e-07
-5.92769e-07
-4.60149e-07
-3.55513e-07
-2.73374e-07
-2.0922e-07
-1.59365e-07
-1.20816e-07
-9.11599e-08
-6.84583e-08
-5.11673e-08
-3.8063e-08
-2.81811e-08
-9.16609e-06
-7.21713e-06
-5.65574e-06
-4.41121e-06
-3.42429e-06
-2.64562e-06
-2.03437e-06
-1.55695e-06
-1.18595e-06
-8.9908e-07
-6.78385e-07
-5.09447e-07
-3.80772e-07
-2.83254e-07
-2.09715e-07
-0.00022065
-0.000187403
-0.000158414
-0.000133278
-0.0001116
-9.30066e-05
-7.71451e-05
-6.36865e-05
-5.23275e-05
-4.27915e-05
-3.4828e-05
-2.82127e-05
-2.27459e-05
-1.82519e-05
-1.45766e-05
-1.15864e-05
-9.16609e-06
-7.21713e-06
-5.65574e-06
-4.41121e-06
-3.42429e-06
-2.64562e-06
-2.03437e-06
-1.55695e-06
-1.18595e-06
-8.9908e-07
-6.78385e-07
-5.09447e-07
-3.80772e-07
-2.83254e-07
-2.09715e-07
-0.00492412
-0.00418218
-0.00353525
-0.00297429
-0.00249051
-0.00207558
-0.00172161
-0.00142126
-0.00116777
-0.000954955
-0.000777238
-0.000629607
-0.000507609
-0.000407318
-0.000325298
-0.000258567
-0.000204555
-0.000161061
-0.000126216
-9.84427e-05
-7.64182e-05
-5.9041e-05
-4.53999e-05
-3.47457e-05
-2.64661e-05
-2.00643e-05
-1.51392e-05
-1.13691e-05
-8.49749e-06
-6.32122e-06
-4.68011e-06
-0.075783
-0.0752468
-0.0743615
-0.0731397
-0.0715981
-0.0697581
-0.0676444
-0.0652849
-0.0627102
-0.0599526
-0.0570455
-0.0540231
-0.0509192
-0.047767
-0.0445983
-0.0414432
-0.0383294
-0.0352821
-0.0323238
-0.0294736
-0.0267478
-0.0241595
-0.0217186
-0.0194321
-0.0173042
-0.0153366
-0.0135285
-0.0118772
-0.0103782
-0.00902558
-0.00781218
-0.00672998
-0.00577031
-0.00492412
-0.00418218
-0.00353525
-0.00297429
-0.00249051
-0.00207558
-0.00172161
-0.00142126
-0.00116777
-0.000954955
-0.000777238
-0.000629607
-0.000507609
-0.000407318
-0.000325298
-0.000258567
-0.000204555
-0.000161061
-0.000126216
-9.84427e-05
-7.64182e-05
-5.9041e-05
-4.53999e-05
-3.47457e-05
-2.64661e-05
-2.00643e-05
-1.51392e-05
-1.13691e-05
-8.49749e-06
-6.32122e-06
-4.68011e-06
